ANO;GEO_COD;GEO_COD_DSG;NIVEL;NIVEL_DSG;N_ALOJAMENTOS;N_ALOJAMENTOS_FAMILIARES;N_ALOJAMENTOS_FAM_CLASSICOS;N_ALOJAMENTOS_FAM_N_CLASSICOS;N_ALOJAMENTOS_COLECTIVOS;N_CLASSICOS_RES_HABITUAL;N_ALOJAMENTOS_RES_HABITUAL;N_ALOJAMENTOS_VAGOS
2011;'PT;PT;1;Total Nacional;5878756;5866152;5859540;6612;12604;3991112;3997724;735128
2011;'1;Continente;2;NUT1;5639257;5627555;5621098;6457;11702;3818574;3825031;704054
2011;'17;Lisboa;3;NUT2;1487858;1485795;1483717;2078;2063;1127711;1129789;184909
2011;'171;Grande Lisboa;4;NUT3;1066868;1065235;1064036;1199;1633;821036;822235;135887
2011;'1106;Lisboa;5;Municipio;323981;323076;322865;211;905;237247;237458;50209
2011;'110601;Ajuda;6;Freguesia;8879;8872;8866;6;7;6898;6904;875
2011;'110602;Alcântara;6;Freguesia;8920;8900;8886;14;20;6512;6526;1430
2011;'110603;Alto do Pina;6;Freguesia;6117;6106;6104;2;11;4481;4483;844
2011;'110604;Alvalade;6;Freguesia;5395;5381;5381;0;14;4116;4116;708
2011;'110605;Ameixoeira;6;Freguesia;6240;6235;6227;8;5;4713;4721;976
2011;'110606;Anjos;6;Freguesia;6066;6032;6027;5;34;4164;4169;1251
2011;'110607;Beato;6;Freguesia;7640;7636;7631;5;4;5541;5546;1301
2011;'110608;Benfica;6;Freguesia;21221;21204;21197;7;17;16508;16515;2486
2011;'110609;Campo Grande;6;Freguesia;6220;6199;6199;0;21;4570;4570;744
2011;'110610;Campolide;6;Freguesia;9255;9235;9224;11;20;6581;6592;1636
2011;'110611;Carnide;6;Freguesia;11166;11148;11145;3;18;8973;8976;1125
2011;'110612;Castelo;6;Freguesia;349;348;347;1;1;189;190;136
2011;'110613;Charneca;6;Freguesia;4448;4446;4430;16;2;3634;3650;594
2011;'110614;Coração de Jesus;6;Freguesia;2891;2849;2848;1;42;1782;1783;657
2011;'110615;Encarnação;6;Freguesia;2283;2261;2258;3;22;1111;1114;795
2011;'110616;Graça;6;Freguesia;4125;4118;4117;1;7;2699;2700;971
2011;'110617;Lapa;6;Freguesia;5297;5284;5281;3;13;3561;3564;1290
2011;'110618;Lumiar;6;Freguesia;21472;21451;21446;5;21;16945;16950;1980
2011;'110619;Madalena;6;Freguesia;375;370;370;0;5;170;170;176
2011;'110620;Mártires;6;Freguesia;326;321;321;0;5;160;160;70
2011;'110621;Marvila;6;Freguesia;16681;16669;16649;20;12;14009;14029;1451
2011;'110622;Mercês;6;Freguesia;3252;3248;3241;7;4;2065;2072;840
2011;'110623;Nossa Senhora de Fátima;6;Freguesia;10442;10387;10386;1;55;6877;6878;2072
2011;'110624;Pena;6;Freguesia;3518;3505;3503;2;13;2110;2112;879
2011;'110625;Penha de França;6;Freguesia;8316;8308;8305;3;8;6008;6011;1324
2011;'110626;Prazeres;6;Freguesia;4949;4937;4924;13;12;3308;3321;1037
2011;'110627;Sacramento;6;Freguesia;686;676;674;2;10;357;359;160
2011;'110628;Santa Catarina;6;Freguesia;2966;2951;2949;2;15;1816;1818;749
2011;'110629;Santa Engrácia;6;Freguesia;3534;3530;3529;1;4;2590;2591;590
2011;'110630;Santa Isabel;6;Freguesia;4320;4305;4305;0;15;3103;3103;708
2011;'110631;Santa Justa;6;Freguesia;660;628;628;0;32;322;322;262
2011;'110632;Santa Maria de Belém;6;Freguesia;5273;5255;5253;2;18;3740;3742;956
2011;'110633;Santa Maria dos Olivais;6;Freguesia;26088;26059;26045;14;29;20869;20883;2404
2011;'110634;Santiago;6;Freguesia;559;556;556;0;3;319;319;164
2011;'110635;Santo Condestável;6;Freguesia;9495;9481;9476;5;14;7246;7251;1292
2011;'110636;Santo Estêvão;6;Freguesia;1571;1565;1564;1;6;835;836;607
2011;'110637;Santos-o-Velho;6;Freguesia;2898;2888;2888;0;10;1866;1866;753
2011;'110638;São Cristóvão e São Lourenço;6;Freguesia;1096;1092;1092;0;4;663;663;216
2011;'110639;São Domingos de Benfica;6;Freguesia;20260;20233;20229;4;27;15144;15148;2990
2011;'110640;São Francisco Xavier;6;Freguesia;4222;4216;4203;13;6;3271;3284;575
2011;'110641;São João;6;Freguesia;9504;9484;9480;4;20;7008;7012;1563
2011;'110642;São João de Brito;6;Freguesia;6825;6782;6780;2;43;5106;5108;706
2011;'110643;São João de Deus;6;Freguesia;6441;6427;6425;2;14;4510;4512;1141
2011;'110644;São Jorge de Arroios;6;Freguesia;11962;11887;11882;5;75;8326;8331;2058
2011;'110645;São José;6;Freguesia;2354;2327;2324;3;27;1347;1350;734
2011;'110646;São Mamede;6;Freguesia;3348;3321;3321;0;27;2365;2365;561
2011;'110647;São Miguel;6;Freguesia;1139;1138;1138;0;1;859;859;177
2011;'110648;São Nicolau;6;Freguesia;1188;1159;1159;0;29;383;383;574
2011;'110649;São Paulo;6;Freguesia;2047;2036;2034;2;11;1275;1277;427
2011;'110650;São Sebastião da Pedreira;6;Freguesia;4090;4043;4041;2;47;2730;2732;743
2011;'110651;São Vicente de Fora;6;Freguesia;2650;2644;2639;5;6;1776;1781;495
2011;'110652;Sé;6;Freguesia;871;862;862;0;9;410;410;366
2011;'110653;Socorro;6;Freguesia;2091;2081;2076;5;10;1326;1331;590
2011;'110601001; ;7;Secção;266;265;265;0;1;194;194;55
2011;'110601002; ;7;Secção;350;350;350;0;0;308;308;10
2011;'110601003; ;7;Secção;288;288;288;0;0;248;248;15
2011;'110601004; ;7;Secção;350;350;350;0;0;296;296;26
2011;'110601005; ;7;Secção;282;282;282;0;0;227;227;35
2011;'110601006; ;7;Secção;241;241;240;1;0;200;201;13
2011;'110601007; ;7;Secção;307;307;307;0;0;275;275;9
2011;'110601008; ;7;Secção;202;201;201;0;1;142;142;45
2011;'110601009; ;7;Secção;342;342;341;1;0;282;283;16
2011;'110601010; ;7;Secção;199;197;197;0;2;168;168;14
2011;'110601011; ;7;Secção;211;211;211;0;0;176;176;4
2011;'110601012; ;7;Secção;229;229;229;0;0;171;171;27
2011;'110601013; ;7;Secção;342;342;342;0;0;277;277;4
2011;'110601014; ;7;Secção;377;377;377;0;0;318;318;4
2011;'110601015; ;7;Secção;213;213;210;3;0;161;164;26
2011;'110601016; ;7;Secção;307;307;307;0;0;236;236;22
2011;'110601017; ;7;Secção;320;320;320;0;0;200;200;106
2011;'110601018; ;7;Secção;278;278;278;0;0;209;209;27
2011;'110601019; ;7;Secção;326;326;326;0;0;265;265;22
2011;'110601020; ;7;Secção;342;342;342;0;0;263;263;24
2011;'110601021; ;7;Secção;310;310;310;0;0;231;231;31
2011;'110601022; ;7;Secção;324;324;324;0;0;234;234;45
2011;'110601023; ;7;Secção;310;309;309;0;1;245;245;40
2011;'110601024; ;7;Secção;291;291;291;0;0;189;189;63
2011;'110601025; ;7;Secção;305;305;305;0;0;241;241;29
2011;'110601026; ;7;Secção;306;306;306;0;0;200;200;54
2011;'110601027; ;7;Secção;282;281;281;0;1;218;218;15
2011;'110601028; ;7;Secção;330;330;330;0;0;241;241;21
2011;'110601029; ;7;Secção;277;276;276;0;1;212;212;33
2011;'110601030; ;7;Secção;372;372;371;1;0;271;272;40
2011;'110602001; ;7;Secção;300;300;298;2;0;236;238;47
2011;'110602002; ;7;Secção;363;363;363;0;0;241;241;72
2011;'110602003; ;7;Secção;347;347;346;1;0;238;239;94
2011;'110602004; ;7;Secção;285;285;284;1;0;227;228;17
2011;'110602005; ;7;Secção;390;390;380;10;0;289;299;56
2011;'110602006; ;7;Secção;247;247;247;0;0;193;193;27
2011;'110602007; ;7;Secção;330;327;327;0;3;242;242;51
2011;'110602008; ;7;Secção;303;302;302;0;1;231;231;35
2011;'110602009; ;7;Secção;327;327;327;0;0;246;246;60
2011;'110602010; ;7;Secção;267;267;267;0;0;208;208;24
2011;'110602011; ;7;Secção;282;282;282;0;0;216;216;22
2011;'110602012; ;7;Secção;375;372;372;0;3;276;276;70
2011;'110602013; ;7;Secção;322;316;316;0;6;229;229;70
2011;'110602014; ;7;Secção;343;343;343;0;0;226;226;88
2011;'110602015; ;7;Secção;431;431;431;0;0;344;344;57
2011;'110602016; ;7;Secção;339;338;338;0;1;254;254;51
2011;'110602017; ;7;Secção;288;288;288;0;0;217;217;43
2011;'110602018; ;7;Secção;311;311;311;0;0;222;222;40
2011;'110602019; ;7;Secção;333;333;333;0;0;240;240;63
2011;'110602020; ;7;Secção;341;336;336;0;5;231;231;67
2011;'110602021; ;7;Secção;416;416;416;0;0;283;283;86
2011;'110602022; ;7;Secção;306;306;306;0;0;214;214;52
2011;'110602023; ;7;Secção;436;436;436;0;0;325;325;49
2011;'110602024; ;7;Secção;343;343;343;0;0;249;249;51
2011;'110602025; ;7;Secção;338;337;337;0;1;259;259;53
2011;'110602026; ;7;Secção;286;286;286;0;0;204;204;37
2011;'110602027; ;7;Secção;271;271;271;0;0;172;172;48
2011;'110603001; ;7;Secção;75;75;74;1;0;61;62;7
2011;'110603002; ;7;Secção;477;472;472;0;5;312;312;105
2011;'110603003; ;7;Secção;299;299;299;0;0;226;226;60
2011;'110603004; ;7;Secção;375;375;375;0;0;292;292;32
2011;'110603005; ;7;Secção;299;298;298;0;1;232;232;34
2011;'110603006; ;7;Secção;425;425;425;0;0;288;288;62
2011;'110603007; ;7;Secção;258;258;258;0;0;172;172;30
2011;'110603008; ;7;Secção;422;422;422;0;0;400;400;12
2011;'110603009; ;7;Secção;345;344;344;0;1;240;240;44
2011;'110603010; ;7;Secção;400;400;400;0;0;267;267;86
2011;'110603011; ;7;Secção;300;300;300;0;0;216;216;46
2011;'110603012; ;7;Secção;375;374;373;1;1;265;266;41
2011;'110603013; ;7;Secção;223;222;222;0;1;174;174;11
2011;'110603014; ;7;Secção;318;318;318;0;0;221;221;49
2011;'110603015; ;7;Secção;334;334;334;0;0;255;255;39
2011;'110603016; ;7;Secção;216;216;216;0;0;166;166;15
2011;'110603017; ;7;Secção;289;289;289;0;0;200;200;64
2011;'110603018; ;7;Secção;347;345;345;0;2;243;243;66
2011;'110603019; ;7;Secção;340;340;340;0;0;251;251;41
2011;'110604001; ;7;Secção;454;454;454;0;0;378;378;35
2011;'110604002; ;7;Secção;509;507;507;0;2;383;383;79
2011;'110604003; ;7;Secção;252;251;251;0;1;201;201;27
2011;'110604004; ;7;Secção;336;333;333;0;3;238;238;69
2011;'110604005; ;7;Secção;223;221;221;0;2;173;173;32
2011;'110604006; ;7;Secção;272;272;272;0;0;222;222;24
2011;'110604007; ;7;Secção;372;371;371;0;1;290;290;51
2011;'110604008; ;7;Secção;386;386;386;0;0;276;276;38
2011;'110604009; ;7;Secção;145;145;145;0;0;96;96;44
2011;'110604010; ;7;Secção;314;312;312;0;2;247;247;17
2011;'110604011; ;7;Secção;312;312;312;0;0;252;252;26
2011;'110604012; ;7;Secção;282;282;282;0;0;191;191;63
2011;'110604013; ;7;Secção;329;328;328;0;1;253;253;50
2011;'110604014; ;7;Secção;273;273;273;0;0;224;224;29
2011;'110604015; ;7;Secção;362;360;360;0;2;271;271;33
2011;'110604016; ;7;Secção;242;242;242;0;0;197;197;35
2011;'110604017; ;7;Secção;332;332;332;0;0;224;224;56
2011;'110605001; ;7;Secção;255;255;255;0;0;215;215;30
2011;'110605002; ;7;Secção;132;132;132;0;0;100;100;22
2011;'110605003; ;7;Secção;47;47;47;0;0;41;41;4
2011;'110605004; ;7;Secção;225;225;224;1;0;167;168;48
2011;'110605005; ;7;Secção;383;383;383;0;0;324;324;45
2011;'110605006; ;7;Secção;262;262;262;0;0;217;217;26
2011;'110605007; ;7;Secção;255;254;254;0;1;215;215;15
2011;'110605008; ;7;Secção;311;310;310;0;1;273;273;23
2011;'110605009; ;7;Secção;98;98;98;0;0;78;78;13
2011;'110605010; ;7;Secção;282;280;280;0;2;213;213;44
2011;'110605011; ;7;Secção;244;244;244;0;0;223;223;12
2011;'110605012; ;7;Secção;355;355;355;0;0;276;276;50
2011;'110605013; ;7;Secção;270;270;270;0;0;178;178;67
2011;'110605014; ;7;Secção;308;308;308;0;0;206;206;14
2011;'110605015; ;7;Secção;424;424;420;4;0;272;276;123
2011;'110605016; ;7;Secção;380;380;380;0;0;283;283;59
2011;'110605017; ;7;Secção;356;356;356;0;0;254;254;57
2011;'110605018; ;7;Secção;303;303;303;0;0;230;230;53
2011;'110605019; ;7;Secção;329;328;326;2;1;244;246;73
2011;'110605020; ;7;Secção;299;299;298;1;0;200;201;84
2011;'110605021; ;7;Secção;299;299;299;0;0;190;190;56
2011;'110605022; ;7;Secção;423;423;423;0;0;314;314;58
2011;'110606001; ;7;Secção;296;296;296;0;0;210;210;44
2011;'110606002; ;7;Secção;304;304;304;0;0;214;214;58
2011;'110606003; ;7;Secção;353;350;350;0;3;248;248;66
2011;'110606004; ;7;Secção;230;228;227;1;2;175;176;40
2011;'110606005; ;7;Secção;260;259;257;2;1;148;150;64
2011;'110606006; ;7;Secção;263;261;261;0;2;174;174;72
2011;'110606007; ;7;Secção;354;347;347;0;7;230;230;81
2011;'110606008; ;7;Secção;328;327;327;0;1;209;209;81
2011;'110606009; ;7;Secção;347;347;347;0;0;271;271;49
2011;'110606010; ;7;Secção;325;324;324;0;1;246;246;57
2011;'110606011; ;7;Secção;245;245;245;0;0;191;191;44
2011;'110606012; ;7;Secção;333;328;328;0;5;219;219;67
2011;'110606013; ;7;Secção;342;337;336;1;5;217;218;89
2011;'110606014; ;7;Secção;352;350;350;0;2;236;236;65
2011;'110606015; ;7;Secção;427;426;425;1;1;285;286;94
2011;'110606016; ;7;Secção;384;383;383;0;1;232;232;100
2011;'110606017; ;7;Secção;397;394;394;0;3;289;289;79
2011;'110606018; ;7;Secção;253;253;253;0;0;193;193;45
2011;'110606019; ;7;Secção;273;273;273;0;0;177;177;56
2011;'110607001; ;7;Secção;348;348;348;0;0;258;258;43
2011;'110607002; ;7;Secção;385;385;385;0;0;285;285;22
2011;'110607003; ;7;Secção;424;424;424;0;0;316;316;39
2011;'110607004; ;7;Secção;255;255;253;2;0;176;178;58
2011;'110607005; ;7;Secção;336;336;336;0;0;286;286;27
2011;'110607006; ;7;Secção;210;210;210;0;0;196;196;9
2011;'110607007; ;7;Secção;386;386;386;0;0;283;283;83
2011;'110607008; ;7;Secção;305;305;305;0;0;195;195;94
2011;'110607009; ;7;Secção;369;369;369;0;0;220;220;106
2011;'110607010; ;7;Secção;299;299;299;0;0;196;196;38
2011;'110607011; ;7;Secção;357;357;357;0;0;255;255;59
2011;'110607012; ;7;Secção;304;304;303;1;0;232;233;54
2011;'110607013; ;7;Secção;279;279;279;0;0;221;221;44
2011;'110607014; ;7;Secção;307;307;307;0;0;262;262;33
2011;'110607015; ;7;Secção;488;488;486;2;0;337;339;75
2011;'110607016; ;7;Secção;359;358;358;0;1;217;217;112
2011;'110607017; ;7;Secção;283;283;283;0;0;205;205;31
2011;'110607018; ;7;Secção;286;284;284;0;2;156;156;118
2011;'110607019; ;7;Secção;283;282;282;0;1;216;216;51
2011;'110607020; ;7;Secção;261;261;261;0;0;199;199;40
2011;'110607021; ;7;Secção;328;328;328;0;0;263;263;49
2011;'110607022; ;7;Secção;224;224;224;0;0;180;180;23
2011;'110607023; ;7;Secção;247;247;247;0;0;180;180;31
2011;'110607024; ;7;Secção;317;317;317;0;0;207;207;62
2011;'110608001; ;7;Secção;213;213;213;0;0;154;154;44
2011;'110608002; ;7;Secção;266;266;266;0;0;209;209;23
2011;'110608003; ;7;Secção;361;360;360;0;1;287;287;46
2011;'110608004; ;7;Secção;225;224;224;0;1;179;179;11
2011;'110608005; ;7;Secção;484;484;484;0;0;363;363;81
2011;'110608006; ;7;Secção;269;269;269;0;0;215;215;27
2011;'110608007; ;7;Secção;249;249;247;2;0;178;180;12
2011;'110608008; ;7;Secção;334;334;334;0;0;267;267;54
2011;'110608009; ;7;Secção;427;427;427;0;0;340;340;46
2011;'110608010; ;7;Secção;248;248;248;0;0;199;199;24
2011;'110608011; ;7;Secção;457;457;457;0;0;340;340;84
2011;'110608012; ;7;Secção;305;305;305;0;0;241;241;29
2011;'110608013; ;7;Secção;355;355;355;0;0;263;263;38
2011;'110608014; ;7;Secção;307;307;307;0;0;224;224;24
2011;'110608015; ;7;Secção;206;206;206;0;0;165;165;20
2011;'110608016; ;7;Secção;300;300;300;0;0;221;221;0
2011;'110608017; ;7;Secção;357;357;356;1;0;297;298;39
2011;'110608018; ;7;Secção;430;430;430;0;0;344;344;13
2011;'110608019; ;7;Secção;268;268;268;0;0;219;219;20
2011;'110608020; ;7;Secção;272;272;272;0;0;211;211;41
2011;'110608021; ;7;Secção;460;460;460;0;0;378;378;36
2011;'110608022; ;7;Secção;316;316;316;0;0;247;247;30
2011;'110608023; ;7;Secção;278;278;278;0;0;226;226;11
2011;'110608024; ;7;Secção;328;328;327;1;0;248;249;49
2011;'110608025; ;7;Secção;314;311;311;0;3;243;243;38
2011;'110608026; ;7;Secção;354;354;354;0;0;280;280;18
2011;'110608027; ;7;Secção;351;351;351;0;0;247;247;50
2011;'110608028; ;7;Secção;345;345;345;0;0;277;277;28
2011;'110608029; ;7;Secção;330;330;330;0;0;244;244;70
2011;'110608030; ;7;Secção;404;404;404;0;0;316;316;43
2011;'110608031; ;7;Secção;300;300;300;0;0;224;224;70
2011;'110608032; ;7;Secção;321;321;321;0;0;257;257;36
2011;'110608033; ;7;Secção;293;293;293;0;0;216;216;14
2011;'110608034; ;7;Secção;435;435;435;0;0;316;316;57
2011;'110608035; ;7;Secção;370;370;370;0;0;302;302;34
2011;'110608036; ;7;Secção;363;363;363;0;0;259;259;72
2011;'110608037; ;7;Secção;399;399;399;0;0;308;308;15
2011;'110608038; ;7;Secção;375;375;375;0;0;285;285;78
2011;'110608039; ;7;Secção;311;311;311;0;0;247;247;31
2011;'110608040; ;7;Secção;307;307;307;0;0;253;253;5
2011;'110608041; ;7;Secção;580;580;580;0;0;447;447;91
2011;'110608042; ;7;Secção;311;311;311;0;0;229;229;1
2011;'110608043; ;7;Secção;305;305;305;0;0;236;236;19
2011;'110608044; ;7;Secção;398;398;397;1;0;316;317;47
2011;'110608045; ;7;Secção;251;251;251;0;0;206;206;38
2011;'110608046; ;7;Secção;293;293;293;0;0;203;203;51
2011;'110608047; ;7;Secção;281;281;281;0;0;234;234;28
2011;'110608048; ;7;Secção;199;199;199;0;0;140;140;30
2011;'110608049; ;7;Secção;278;277;277;0;1;215;215;48
2011;'110608050; ;7;Secção;262;262;262;0;0;184;184;39
2011;'110608051; ;7;Secção;262;261;261;0;1;204;204;43
2011;'110608052; ;7;Secção;289;287;287;0;2;200;200;64
2011;'110608053; ;7;Secção;468;468;468;0;0;358;358;32
2011;'110608054; ;7;Secção;355;355;355;0;0;279;279;60
2011;'110608055; ;7;Secção;338;338;338;0;0;263;263;53
2011;'110608056; ;7;Secção;399;399;399;0;0;294;294;46
2011;'110608057; ;7;Secção;258;256;256;0;2;216;216;29
2011;'110608058; ;7;Secção;195;195;195;0;0;153;153;16
2011;'110608059; ;7;Secção;301;300;300;0;1;193;193;92
2011;'110608060; ;7;Secção;343;341;340;1;2;215;216;98
2011;'110608061; ;7;Secção;114;113;113;0;1;110;110;2
2011;'110608062; ;7;Secção;472;472;471;1;0;420;421;49
2011;'110608063; ;7;Secção;178;177;177;0;1;162;162;12
2011;'110608064; ;7;Secção;290;290;290;0;0;269;269;9
2011;'110608065; ;7;Secção;250;250;250;0;0;243;243;7
2011;'110608066; ;7;Secção;264;263;263;0;1;230;230;21
2011;'110609001; ;7;Secção;272;266;266;0;6;164;164;47
2011;'110609002; ;7;Secção;711;711;711;0;0;475;475;106
2011;'110609003; ;7;Secção;266;266;266;0;0;212;212;34
2011;'110609004; ;7;Secção;294;293;293;0;1;258;258;17
2011;'110609005; ;7;Secção;353;353;353;0;0;256;256;54
2011;'110609006; ;7;Secção;410;410;410;0;0;345;345;27
2011;'110609007; ;7;Secção;479;477;477;0;2;350;350;6
2011;'110609008; ;7;Secção;328;326;326;0;2;252;252;48
2011;'110609009; ;7;Secção;445;445;445;0;0;331;331;53
2011;'110609010; ;7;Secção;200;200;200;0;0;149;149;18
2011;'110609011; ;7;Secção;268;268;268;0;0;196;196;45
2011;'110609012; ;7;Secção;168;166;166;0;2;126;126;16
2011;'110609013; ;7;Secção;282;282;282;0;0;196;196;38
2011;'110609014; ;7;Secção;430;429;429;0;1;313;313;68
2011;'110609015; ;7;Secção;260;260;260;0;0;197;197;13
2011;'110609016; ;7;Secção;271;271;271;0;0;221;221;26
2011;'110609017; ;7;Secção;229;224;224;0;5;139;139;51
2011;'110609018; ;7;Secção;273;273;273;0;0;171;171;52
2011;'110609019; ;7;Secção;281;279;279;0;2;219;219;25
2011;'110610001; ;7;Secção;351;351;351;0;0;226;226;53
2011;'110610002; ;7;Secção;318;316;316;0;2;184;184;81
2011;'110610003; ;7;Secção;252;252;252;0;0;213;213;18
2011;'110610004; ;7;Secção;195;189;189;0;6;123;123;52
2011;'110610005; ;7;Secção;294;294;294;0;0;174;174;38
2011;'110610006; ;7;Secção;228;228;227;1;0;149;150;51
2011;'110610007; ;7;Secção;253;251;250;1;2;162;163;75
2011;'110610008; ;7;Secção;224;224;224;0;0;178;178;34
2011;'110610009; ;7;Secção;254;254;250;4;0;201;205;31
2011;'110610010; ;7;Secção;85;84;84;0;1;67;67;12
2011;'110610011; ;7;Secção;29;29;29;0;0;25;25;4
2011;'110610012; ;7;Secção;471;471;471;0;0;360;360;64
2011;'110610013; ;7;Secção;360;360;359;1;0;266;267;87
2011;'110610014; ;7;Secção;446;445;444;1;1;289;290;147
2011;'110610015; ;7;Secção;261;260;260;0;1;249;249;2
2011;'110610016; ;7;Secção;260;259;259;0;1;225;225;20
2011;'110610017; ;7;Secção;311;311;311;0;0;214;214;52
2011;'110610018; ;7;Secção;324;324;322;2;0;190;192;85
2011;'110610019; ;7;Secção;374;374;374;0;0;266;266;73
2011;'110610020; ;7;Secção;209;209;209;0;0;159;159;13
2011;'110610021; ;7;Secção;325;325;325;0;0;211;211;65
2011;'110610022; ;7;Secção;359;359;359;0;0;258;258;54
2011;'110610023; ;7;Secção;297;296;296;0;1;220;220;28
2011;'110610024; ;7;Secção;331;328;328;0;3;187;187;66
2011;'110610025; ;7;Secção;267;266;266;0;1;193;193;39
2011;'110610026; ;7;Secção;323;322;322;0;1;214;214;79
2011;'110610027; ;7;Secção;288;288;288;0;0;220;220;38
2011;'110610028; ;7;Secção;320;320;320;0;0;243;243;44
2011;'110610029; ;7;Secção;330;330;330;0;0;263;263;49
2011;'110610030; ;7;Secção;330;330;330;0;0;221;221;79
2011;'110610031; ;7;Secção;330;330;330;0;0;207;207;79
2011;'110610032; ;7;Secção;256;256;255;1;0;224;225;24
2011;'110611001; ;7;Secção;300;300;300;0;0;213;213;78
2011;'110611002; ;7;Secção;342;342;341;1;0;271;272;53
2011;'110611003; ;7;Secção;469;469;469;0;0;385;385;43
2011;'110611004; ;7;Secção;283;283;283;0;0;201;201;71
2011;'110611005; ;7;Secção;334;334;334;0;0;268;268;62
2011;'110611006; ;7;Secção;308;308;308;0;0;287;287;11
2011;'110611007; ;7;Secção;277;277;276;1;0;247;248;23
2011;'110611008; ;7;Secção;14;13;13;0;1;12;12;0
2011;'110611009; ;7;Secção;297;297;297;0;0;277;277;12
2011;'110611010; ;7;Secção;304;304;304;0;0;256;256;27
2011;'110611011; ;7;Secção;280;279;279;0;1;256;256;16
2011;'110611012; ;7;Secção;257;256;256;0;1;222;222;4
2011;'110611013; ;7;Secção;266;266;266;0;0;243;243;19
2011;'110611014; ;7;Secção;374;374;374;0;0;290;290;35
2011;'110611015; ;7;Secção;215;214;213;1;1;159;160;22
2011;'110611016; ;7;Secção;360;356;356;0;4;286;286;15
2011;'110611017; ;7;Secção;418;417;417;0;1;253;253;83
2011;'110611018; ;7;Secção;221;221;221;0;0;188;188;10
2011;'110611019; ;7;Secção;402;402;402;0;0;329;329;33
2011;'110611020; ;7;Secção;357;357;357;0;0;302;302;24
2011;'110611021; ;7;Secção;314;314;314;0;0;273;273;14
2011;'110611022; ;7;Secção;322;321;321;0;1;247;247;31
2011;'110611023; ;7;Secção;389;389;389;0;0;321;321;48
2011;'110611024; ;7;Secção;223;222;222;0;1;191;191;16
2011;'110611025; ;7;Secção;436;436;436;0;0;289;289;75
2011;'110611026; ;7;Secção;304;304;304;0;0;257;257;8
2011;'110611027; ;7;Secção;446;446;446;0;0;356;356;35
2011;'110611028; ;7;Secção;210;210;210;0;0;151;151;42
2011;'110611029; ;7;Secção;413;411;411;0;2;345;345;16
2011;'110611030; ;7;Secção;339;339;339;0;0;280;280;21
2011;'110611031; ;7;Secção;342;339;339;0;3;264;264;20
2011;'110611032; ;7;Secção;313;313;313;0;0;239;239;59
2011;'110611033; ;7;Secção;328;326;326;0;2;247;247;14
2011;'110611034; ;7;Secção;342;342;342;0;0;271;271;34
2011;'110611035; ;7;Secção;367;367;367;0;0;297;297;51
2011;'110612001; ;7;Secção;349;348;347;1;1;189;190;136
2011;'110613001; ;7;Secção;369;369;359;10;0;290;300;50
2011;'110613002; ;7;Secção;356;356;355;1;0;255;256;83
2011;'110613003; ;7;Secção;394;394;394;0;0;315;315;74
2011;'110613004; ;7;Secção;254;254;253;1;0;207;208;31
2011;'110613005; ;7;Secção;124;123;121;2;1;113;115;2
2011;'110613006; ;7;Secção;252;251;251;0;1;187;187;48
2011;'110613007; ;7;Secção;312;312;312;0;0;260;260;20
2011;'110613008; ;7;Secção;285;285;285;0;0;229;229;52
2011;'110613009; ;7;Secção;379;379;379;0;0;298;298;64
2011;'110613010; ;7;Secção;309;309;309;0;0;268;268;36
2011;'110613011; ;7;Secção;433;433;433;0;0;369;369;31
2011;'110613012; ;7;Secção;365;365;363;2;0;309;311;38
2011;'110613013; ;7;Secção;259;259;259;0;0;245;245;8
2011;'110613014; ;7;Secção;357;357;357;0;0;289;289;57
2011;'110614001; ;7;Secção;200;198;198;0;2;115;115;40
2011;'110614002; ;7;Secção;168;163;163;0;5;92;92;23
2011;'110614003; ;7;Secção;163;156;156;0;7;128;128;1
2011;'110614004; ;7;Secção;262;261;261;0;1;173;173;45
2011;'110614005; ;7;Secção;223;222;222;0;1;165;165;20
2011;'110614006; ;7;Secção;305;302;302;0;3;132;132;158
2011;'110614007; ;7;Secção;269;267;267;0;2;168;168;45
2011;'110614008; ;7;Secção;121;115;115;0;6;43;43;63
2011;'110614009; ;7;Secção;310;309;309;0;1;226;226;39
2011;'110614010; ;7;Secção;360;360;359;1;0;249;250;61
2011;'110614011; ;7;Secção;119;113;113;0;6;54;54;55
2011;'110614012; ;7;Secção;284;281;281;0;3;176;176;81
2011;'110614013; ;7;Secção;107;102;102;0;5;61;61;26
2011;'110615001; ;7;Secção;290;281;280;1;9;125;126;86
2011;'110615002; ;7;Secção;321;320;320;0;1;144;144;88
2011;'110615003; ;7;Secção;322;318;318;0;4;152;152;143
2011;'110615004; ;7;Secção;251;249;249;0;2;109;109;106
2011;'110615005; ;7;Secção;335;333;332;1;2;215;216;53
2011;'110615006; ;7;Secção;303;302;301;1;1;158;159;100
2011;'110615007; ;7;Secção;461;458;458;0;3;208;208;219
2011;'110616001; ;7;Secção;290;288;288;0;2;209;209;59
2011;'110616002; ;7;Secção;393;393;393;0;0;266;266;104
2011;'110616003; ;7;Secção;405;404;403;1;1;278;279;87
2011;'110616004; ;7;Secção;335;335;335;0;0;224;224;68
2011;'110616005; ;7;Secção;291;291;291;0;0;201;201;64
2011;'110616006; ;7;Secção;338;336;336;0;2;244;244;77
2011;'110616007; ;7;Secção;298;298;298;0;0;191;191;56
2011;'110616008; ;7;Secção;342;342;342;0;0;195;195;110
2011;'110616009; ;7;Secção;323;323;323;0;0;207;207;69
2011;'110616010; ;7;Secção;334;334;334;0;0;179;179;68
2011;'110616011; ;7;Secção;342;341;341;0;1;235;235;72
2011;'110616012; ;7;Secção;434;433;433;0;1;270;270;137
2011;'110617001; ;7;Secção;304;300;300;0;4;207;207;64
2011;'110617002; ;7;Secção;255;254;254;0;1;157;157;90
2011;'110617003; ;7;Secção;301;301;301;0;0;181;181;85
2011;'110617004; ;7;Secção;354;353;353;0;1;238;238;83
2011;'110617005; ;7;Secção;305;305;305;0;0;200;200;81
2011;'110617006; ;7;Secção;299;297;297;0;2;209;209;81
2011;'110617007; ;7;Secção;316;316;316;0;0;186;186;115
2011;'110617008; ;7;Secção;333;333;333;0;0;233;233;66
2011;'110617009; ;7;Secção;375;375;375;0;0;268;268;76
2011;'110617010; ;7;Secção;462;461;461;0;1;326;326;84
2011;'110617011; ;7;Secção;337;334;334;0;3;223;223;81
2011;'110617012; ;7;Secção;360;360;359;1;0;235;236;79
2011;'110617013; ;7;Secção;341;340;339;1;1;257;258;61
2011;'110617014; ;7;Secção;357;357;357;0;0;261;261;64
2011;'110617015; ;7;Secção;322;322;322;0;0;220;220;81
2011;'110617016; ;7;Secção;276;276;275;1;0;160;161;99
2011;'110618001; ;7;Secção;248;248;248;0;0;177;177;37
2011;'110618002; ;7;Secção;250;250;250;0;0;113;113;128
2011;'110618003; ;7;Secção;230;230;229;1;0;174;175;39
2011;'110618004; ;7;Secção;304;304;304;0;0;233;233;40
2011;'110618005; ;7;Secção;357;356;356;0;1;279;279;32
2011;'110618006; ;7;Secção;432;432;432;0;0;331;331;78
2011;'110618007; ;7;Secção;288;287;287;0;1;232;232;28
2011;'110618008; ;7;Secção;343;343;343;0;0;240;240;83
2011;'110618009; ;7;Secção;140;140;140;0;0;132;132;3
2011;'110618010; ;7;Secção;213;213;213;0;0;209;209;2
2011;'110618011; ;7;Secção;234;234;234;0;0;216;216;15
2011;'110618012; ;7;Secção;0;0;0;0;0;0;0;0
2011;'110618013; ;7;Secção;254;254;254;0;0;194;194;26
2011;'110618014; ;7;Secção;355;355;355;0;0;315;315;31
2011;'110618015; ;7;Secção;360;360;360;0;0;309;309;21
2011;'110618016; ;7;Secção;226;226;226;0;0;200;200;13
2011;'110618017; ;7;Secção;377;377;377;0;0;323;323;39
2011;'110618018; ;7;Secção;395;391;391;0;4;307;307;59
2011;'110618019; ;7;Secção;257;257;257;0;0;187;187;11
2011;'110618020; ;7;Secção;332;332;332;0;0;301;301;17
2011;'110618021; ;7;Secção;342;342;342;0;0;255;255;78
2011;'110618022; ;7;Secção;287;286;286;0;1;255;255;28
2011;'110618023; ;7;Secção;239;239;239;0;0;210;210;1
2011;'110618024; ;7;Secção;227;226;226;0;1;181;181;12
2011;'110618025; ;7;Secção;259;259;257;2;0;206;208;22
2011;'110618026; ;7;Secção;377;376;376;0;1;290;290;26
2011;'110618027; ;7;Secção;348;348;348;0;0;288;288;14
2011;'110618028; ;7;Secção;340;340;339;1;0;272;273;21
2011;'110618029; ;7;Secção;356;356;356;0;0;302;302;9
2011;'110618030; ;7;Secção;268;268;268;0;0;232;232;9
2011;'110618031; ;7;Secção;155;155;155;0;0;135;135;12
2011;'110618032; ;7;Secção;200;200;200;0;0;139;139;1
2011;'110618033; ;7;Secção;259;259;259;0;0;219;219;26
2011;'110618034; ;7;Secção;536;536;536;0;0;410;410;21
2011;'110618035; ;7;Secção;389;389;389;0;0;318;318;36
2011;'110618036; ;7;Secção;128;128;128;0;0;112;112;0
2011;'110618037; ;7;Secção;190;190;190;0;0;154;154;19
2011;'110618038; ;7;Secção;272;272;272;0;0;215;215;12
2011;'110618039; ;7;Secção;305;304;304;0;1;256;256;20
2011;'110618040; ;7;Secção;180;180;180;0;0;146;146;6
2011;'110618041; ;7;Secção;340;339;338;1;1;269;270;46
2011;'110618042; ;7;Secção;253;253;253;0;0;190;190;11
2011;'110618043; ;7;Secção;387;387;387;0;0;301;301;62
2011;'110618044; ;7;Secção;303;303;303;0;0;251;251;15
2011;'110618045; ;7;Secção;323;322;322;0;1;247;247;38
2011;'110618046; ;7;Secção;363;363;363;0;0;262;262;37
2011;'110618047; ;7;Secção;346;346;346;0;0;282;282;6
2011;'110618048; ;7;Secção;96;93;93;0;3;82;82;8
2011;'110618049; ;7;Secção;269;269;269;0;0;195;195;38
2011;'110618050; ;7;Secção;226;226;226;0;0;200;200;13
2011;'110618051; ;7;Secção;428;428;428;0;0;334;334;51
2011;'110618052; ;7;Secção;563;563;563;0;0;417;417;34
2011;'110618053; ;7;Secção;242;242;242;0;0;156;156;46
2011;'110618054; ;7;Secção;267;267;267;0;0;212;212;19
2011;'110618055; ;7;Secção;230;230;230;0;0;189;189;7
2011;'110618056; ;7;Secção;270;270;270;0;0;215;215;29
2011;'110618057; ;7;Secção;292;292;292;0;0;245;245;9
2011;'110618058; ;7;Secção;187;187;187;0;0;149;149;9
2011;'110618059; ;7;Secção;251;250;250;0;1;189;189;19
2011;'110618060; ;7;Secção;514;514;514;0;0;324;324;28
2011;'110618061; ;7;Secção;251;250;250;0;1;206;206;23
2011;'110618062; ;7;Secção;517;517;517;0;0;307;307;162
2011;'110618063; ;7;Secção;232;231;231;0;1;178;178;16
2011;'110618064; ;7;Secção;414;414;414;0;0;335;335;40
2011;'110618065; ;7;Secção;304;303;303;0;1;237;237;15
2011;'110618066; ;7;Secção;325;325;325;0;0;252;252;16
2011;'110618067; ;7;Secção;214;214;214;0;0;175;175;3
2011;'110618068; ;7;Secção;186;184;184;0;2;138;138;26
2011;'110618069; ;7;Secção;210;210;210;0;0;170;170;7
2011;'110618070; ;7;Secção;281;281;281;0;0;253;253;11
2011;'110618071; ;7;Secção;320;320;320;0;0;263;263;16
2011;'110618072; ;7;Secção;233;233;233;0;0;177;177;15
2011;'110618073; ;7;Secção;220;220;220;0;0;189;189;10
2011;'110618074; ;7;Secção;363;363;363;0;0;289;289;20
2011;'110619001; ;7;Secção;203;202;202;0;1;90;90;101
2011;'110619002; ;7;Secção;172;168;168;0;4;80;80;75
2011;'110620001; ;7;Secção;326;321;321;0;5;160;160;70
2011;'110621001; ;7;Secção;323;323;323;0;0;258;258;32
2011;'110621002; ;7;Secção;342;342;342;0;0;308;308;28
2011;'110621003; ;7;Secção;381;381;381;0;0;350;350;14
2011;'110621004; ;7;Secção;325;325;325;0;0;293;293;8
2011;'110621005; ;7;Secção;393;393;392;1;0;330;331;47
2011;'110621006; ;7;Secção;61;60;60;0;1;49;49;9
2011;'110621007; ;7;Secção;251;250;250;0;1;222;222;0
2011;'110621008; ;7;Secção;252;251;251;0;1;224;224;0
2011;'110621009; ;7;Secção;304;303;301;2;1;264;266;29
2011;'110621010; ;7;Secção;356;356;356;0;0;298;298;23
2011;'110621011; ;7;Secção;355;355;355;0;0;295;295;27
2011;'110621012; ;7;Secção;226;226;226;0;0;139;139;55
2011;'110621013; ;7;Secção;396;396;394;2;0;350;352;40
2011;'110621014; ;7;Secção;283;283;283;0;0;248;248;7
2011;'110621015; ;7;Secção;349;349;349;0;0;308;308;6
2011;'110621016; ;7;Secção;256;256;256;0;0;179;179;62
2011;'110621017; ;7;Secção;364;364;364;0;0;306;306;23
2011;'110621018; ;7;Secção;254;254;254;0;0;217;217;8
2011;'110621019; ;7;Secção;242;242;241;1;0;212;213;3
2011;'110621020; ;7;Secção;332;332;331;1;0;292;293;23
2011;'110621021; ;7;Secção;258;258;258;0;0;243;243;4
2011;'110621022; ;7;Secção;241;241;241;0;0;211;211;13
2011;'110621023; ;7;Secção;300;300;296;4;0;270;274;23
2011;'110621024; ;7;Secção;416;416;416;0;0;362;362;8
2011;'110621025; ;7;Secção;510;510;510;0;0;362;362;103
2011;'110621026; ;7;Secção;370;370;370;0;0;300;300;32
2011;'110621027; ;7;Secção;411;411;411;0;0;254;254;126
2011;'110621028; ;7;Secção;355;355;355;0;0;273;273;68
2011;'110621029; ;7;Secção;309;309;309;0;0;259;259;29
2011;'110621030; ;7;Secção;379;379;379;0;0;297;297;45
2011;'110621031; ;7;Secção;254;254;254;0;0;186;186;37
2011;'110621032; ;7;Secção;395;395;395;0;0;306;306;34
2011;'110621033; ;7;Secção;440;439;437;2;1;382;384;14
2011;'110621034; ;7;Secção;320;320;320;0;0;281;281;26
2011;'110621035; ;7;Secção;268;266;265;1;2;208;209;39
2011;'110621036; ;7;Secção;321;321;321;0;0;288;288;15
2011;'110621037; ;7;Secção;227;227;227;0;0;206;206;10
2011;'110621038; ;7;Secção;349;349;349;0;0;310;310;37
2011;'110621039; ;7;Secção;332;332;332;0;0;313;313;7
2011;'110621040; ;7;Secção;322;322;322;0;0;273;273;25
2011;'110621041; ;7;Secção;179;179;177;2;0;165;167;10
2011;'110621042; ;7;Secção;222;221;221;0;1;189;189;0
2011;'110621043; ;7;Secção;430;430;430;0;0;370;370;0
2011;'110621044; ;7;Secção;241;239;239;0;2;198;198;25
2011;'110621045; ;7;Secção;339;338;338;0;1;301;301;15
2011;'110621046; ;7;Secção;314;314;313;1;0;265;266;46
2011;'110621047; ;7;Secção;89;89;89;0;0;79;79;5
2011;'110621048; ;7;Secção;317;317;315;2;0;228;230;68
2011;'110621049; ;7;Secção;280;280;280;0;0;256;256;20
2011;'110621050; ;7;Secção;235;235;235;0;0;153;153;39
2011;'110621051; ;7;Secção;159;159;159;0;0;128;128;28
2011;'110621052; ;7;Secção;353;353;352;1;0;326;327;11
2011;'110621053; ;7;Secção;262;261;261;0;1;241;241;4
2011;'110621054; ;7;Secção;180;180;180;0;0;157;157;15
2011;'110621055; ;7;Secção;259;259;259;0;0;227;227;26
2011;'110622001; ;7;Secção;285;284;284;0;1;155;155;88
2011;'110622002; ;7;Secção;331;331;331;0;0;217;217;75
2011;'110622003; ;7;Secção;323;323;323;0;0;183;183;92
2011;'110622004; ;7;Secção;323;323;323;0;0;215;215;83
2011;'110622005; ;7;Secção;334;333;333;0;1;205;205;76
2011;'110622006; ;7;Secção;342;342;342;0;0;226;226;92
2011;'110622007; ;7;Secção;325;325;318;7;0;226;233;55
2011;'110622008; ;7;Secção;329;328;328;0;1;210;210;81
2011;'110622009; ;7;Secção;346;346;346;0;0;229;229;113
2011;'110622010; ;7;Secção;314;313;313;0;1;199;199;85
2011;'110623001; ;7;Secção;215;211;211;0;4;149;149;28
2011;'110623002; ;7;Secção;815;806;806;0;9;435;435;268
2011;'110623003; ;7;Secção;357;354;354;0;3;258;258;56
2011;'110623004; ;7;Secção;346;345;345;0;1;181;181;121
2011;'110623005; ;7;Secção;357;355;355;0;2;268;268;24
2011;'110623006; ;7;Secção;274;274;274;0;0;164;164;52
2011;'110623007; ;7;Secção;400;400;400;0;0;284;284;63
2011;'110623008; ;7;Secção;316;316;316;0;0;223;223;59
2011;'110623009; ;7;Secção;226;226;226;0;0;148;148;27
2011;'110623010; ;7;Secção;298;296;296;0;2;209;209;61
2011;'110623011; ;7;Secção;341;341;341;0;0;220;220;59
2011;'110623012; ;7;Secção;357;355;355;0;2;227;227;47
2011;'110623013; ;7;Secção;285;282;282;0;3;188;188;55
2011;'110623014; ;7;Secção;322;322;322;0;0;226;226;44
2011;'110623015; ;7;Secção;197;197;197;0;0;119;119;55
2011;'110623016; ;7;Secção;312;312;312;0;0;218;218;34
2011;'110623017; ;7;Secção;356;355;355;0;1;257;257;24
2011;'110623018; ;7;Secção;225;222;222;0;3;132;132;72
2011;'110623019; ;7;Secção;293;293;293;0;0;210;210;56
2011;'110623020; ;7;Secção;299;297;297;0;2;189;189;72
2011;'110623021; ;7;Secção;235;234;234;0;1;163;163;49
2011;'110623022; ;7;Secção;291;290;289;1;1;191;192;61
2011;'110623023; ;7;Secção;258;255;255;0;3;167;167;74
2011;'110623024; ;7;Secção;283;282;282;0;1;170;170;64
2011;'110623025; ;7;Secção;296;296;296;0;0;213;213;39
2011;'110623026; ;7;Secção;256;255;255;0;1;194;194;45
2011;'110623027; ;7;Secção;250;247;247;0;3;171;171;45
2011;'110623028; ;7;Secção;262;262;262;0;0;176;176;61
2011;'110623029; ;7;Secção;318;314;314;0;4;226;226;67
2011;'110623030; ;7;Secção;282;280;280;0;2;199;199;62
2011;'110623031; ;7;Secção;86;85;85;0;1;51;51;27
2011;'110623032; ;7;Secção;126;125;125;0;1;82;82;34
2011;'110623033; ;7;Secção;204;203;203;0;1;139;139;21
2011;'110623034; ;7;Secção;224;223;223;0;1;130;130;62
2011;'110623035; ;7;Secção;153;150;150;0;3;111;111;10
2011;'110623036; ;7;Secção;327;327;327;0;0;189;189;74
2011;'110624001; ;7;Secção;270;267;266;1;3;157;158;49
2011;'110624002; ;7;Secção;290;289;289;0;1;194;194;84
2011;'110624003; ;7;Secção;298;297;297;0;1;188;188;36
2011;'110624004; ;7;Secção;400;397;397;0;3;270;270;71
2011;'110624005; ;7;Secção;301;300;300;0;1;169;169;102
2011;'110624006; ;7;Secção;357;356;356;0;1;232;232;91
2011;'110624007; ;7;Secção;296;296;296;0;0;201;201;44
2011;'110624008; ;7;Secção;314;314;314;0;0;192;192;84
2011;'110624009; ;7;Secção;324;321;321;0;3;189;189;72
2011;'110624010; ;7;Secção;279;279;279;0;0;139;139;76
2011;'110624011; ;7;Secção;389;389;388;1;0;179;180;170
2011;'110625001; ;7;Secção;403;403;403;0;0;259;259;113
2011;'110625002; ;7;Secção;190;190;190;0;0;142;142;36
2011;'110625003; ;7;Secção;328;328;328;0;0;211;211;58
2011;'110625004; ;7;Secção;341;339;338;1;2;239;240;58
2011;'110625005; ;7;Secção;190;190;189;1;0;142;143;31
2011;'110625006; ;7;Secção;401;401;401;0;0;265;265;93
2011;'110625007; ;7;Secção;330;328;328;0;2;233;233;55
2011;'110625008; ;7;Secção;264;264;264;0;0;197;197;30
2011;'110625009; ;7;Secção;254;254;254;0;0;191;191;27
2011;'110625010; ;7;Secção;260;260;260;0;0;180;180;35
2011;'110625011; ;7;Secção;297;297;297;0;0;216;216;58
2011;'110625012; ;7;Secção;483;482;482;0;1;327;327;90
2011;'110625013; ;7;Secção;360;360;360;0;0;259;259;60
2011;'110625014; ;7;Secção;304;304;304;0;0;209;209;69
2011;'110625015; ;7;Secção;238;238;238;0;0;211;211;9
2011;'110625016; ;7;Secção;265;265;265;0;0;195;195;55
2011;'110625017; ;7;Secção;286;286;286;0;0;212;212;41
2011;'110625018; ;7;Secção;440;440;440;0;0;348;348;53
2011;'110625019; ;7;Secção;237;235;235;0;2;188;188;30
2011;'110625020; ;7;Secção;423;423;423;0;0;327;327;63
2011;'110625021; ;7;Secção;349;349;349;0;0;236;236;32
2011;'110625022; ;7;Secção;265;265;264;1;0;184;185;62
2011;'110625023; ;7;Secção;313;313;313;0;0;247;247;13
2011;'110625024; ;7;Secção;254;254;254;0;0;206;206;17
2011;'110625025; ;7;Secção;327;327;327;0;0;218;218;42
2011;'110625026; ;7;Secção;514;513;513;0;1;366;366;94
2011;'110626001; ;7;Secção;264;264;264;0;0;169;169;77
2011;'110626002; ;7;Secção;341;341;341;0;0;255;255;47
2011;'110626003; ;7;Secção;329;329;329;0;0;205;205;75
2011;'110626004; ;7;Secção;275;275;275;0;0;217;217;48
2011;'110626005; ;7;Secção;340;340;329;11;0;220;231;70
2011;'110626006; ;7;Secção;194;192;192;0;2;137;137;34
2011;'110626007; ;7;Secção;425;424;424;0;1;264;264;104
2011;'110626008; ;7;Secção;285;284;284;0;1;197;197;54
2011;'110626009; ;7;Secção;324;324;323;1;0;226;227;63
2011;'110626010; ;7;Secção;292;292;292;0;0;174;174;69
2011;'110626011; ;7;Secção;316;316;315;1;0;161;162;84
2011;'110626012; ;7;Secção;259;258;258;0;1;166;166;50
2011;'110626013; ;7;Secção;246;242;242;0;4;151;151;63
2011;'110626014; ;7;Secção;221;221;221;0;0;145;145;47
2011;'110626015; ;7;Secção;311;311;311;0;0;223;223;62
2011;'110626016; ;7;Secção;291;290;290;0;1;229;229;45
2011;'110626017; ;7;Secção;236;234;234;0;2;169;169;45
2011;'110627001; ;7;Secção;331;325;324;1;6;157;158;75
2011;'110627002; ;7;Secção;355;351;350;1;4;200;201;85
2011;'110628001; ;7;Secção;246;243;243;0;3;151;151;63
2011;'110628002; ;7;Secção;328;325;323;2;3;203;205;62
2011;'110628003; ;7;Secção;340;339;339;0;1;187;187;98
2011;'110628004; ;7;Secção;343;342;342;0;1;225;225;99
2011;'110628005; ;7;Secção;322;319;319;0;3;179;179;95
2011;'110628006; ;7;Secção;376;374;374;0;2;252;252;96
2011;'110628007; ;7;Secção;316;316;316;0;0;204;204;75
2011;'110628008; ;7;Secção;377;376;376;0;1;217;217;88
2011;'110628009; ;7;Secção;318;317;317;0;1;198;198;73
2011;'110629001; ;7;Secção;230;229;229;0;1;183;183;32
2011;'110629002; ;7;Secção;237;237;237;0;0;193;193;27
2011;'110629003; ;7;Secção;419;418;418;0;1;325;325;46
2011;'110629004; ;7;Secção;272;272;271;1;0;200;201;60
2011;'110629005; ;7;Secção;364;364;364;0;0;266;266;50
2011;'110629006; ;7;Secção;157;156;156;0;1;124;124;20
2011;'110629007; ;7;Secção;332;332;332;0;0;199;199;78
2011;'110629008; ;7;Secção;282;282;282;0;0;200;200;72
2011;'110629009; ;7;Secção;259;259;259;0;0;178;178;44
2011;'110629010; ;7;Secção;290;289;289;0;1;205;205;55
2011;'110629011; ;7;Secção;361;361;361;0;0;274;274;68
2011;'110629012; ;7;Secção;331;331;331;0;0;243;243;38
2011;'110630001; ;7;Secção;109;109;109;0;0;78;78;5
2011;'110630002; ;7;Secção;255;255;255;0;0;190;190;16
2011;'110630003; ;7;Secção;233;231;231;0;2;188;188;24
2011;'110630004; ;7;Secção;339;338;338;0;1;259;259;35
2011;'110630005; ;7;Secção;267;267;267;0;0;181;181;61
2011;'110630006; ;7;Secção;334;332;332;0;2;208;208;66
2011;'110630007; ;7;Secção;220;218;218;0;2;171;171;23
2011;'110630008; ;7;Secção;261;261;261;0;0;178;178;59
2011;'110630009; ;7;Secção;316;315;315;0;1;231;231;52
2011;'110630010; ;7;Secção;240;240;240;0;0;179;179;34
2011;'110630011; ;7;Secção;314;313;313;0;1;229;229;45
2011;'110630012; ;7;Secção;424;421;421;0;3;304;304;105
2011;'110630013; ;7;Secção;308;308;308;0;0;229;229;44
2011;'110630014; ;7;Secção;277;275;275;0;2;209;209;35
2011;'110630015; ;7;Secção;423;422;422;0;1;269;269;104
2011;'110631001; ;7;Secção;267;261;261;0;6;115;115;133
2011;'110631002; ;7;Secção;238;228;228;0;10;143;143;67
2011;'110631003; ;7;Secção;155;139;139;0;16;64;64;62
2011;'110632001; ;7;Secção;321;320;320;0;1;221;221;84
2011;'110632002; ;7;Secção;291;291;291;0;0;225;225;43
2011;'110632003; ;7;Secção;318;318;317;1;0;244;245;32
2011;'110632004; ;7;Secção;263;263;263;0;0;183;183;54
2011;'110632005; ;7;Secção;286;286;286;0;0;213;213;35
2011;'110632006; ;7;Secção;324;324;324;0;0;243;243;48
2011;'110632007; ;7;Secção;303;303;302;1;0;228;229;34
2011;'110632008; ;7;Secção;399;397;397;0;2;235;235;75
2011;'110632009; ;7;Secção;258;256;256;0;2;177;177;58
2011;'110632010; ;7;Secção;269;269;269;0;0;189;189;41
2011;'110632011; ;7;Secção;330;324;324;0;6;261;261;23
2011;'110632012; ;7;Secção;307;305;305;0;2;193;193;86
2011;'110632013; ;7;Secção;281;279;279;0;2;196;196;55
2011;'110632014; ;7;Secção;344;344;344;0;0;250;250;79
2011;'110632015; ;7;Secção;337;336;336;0;1;195;195;115
2011;'110632016; ;7;Secção;337;335;335;0;2;254;254;54
2011;'110632017; ;7;Secção;305;305;305;0;0;233;233;40
2011;'110633001; ;7;Secção;194;193;193;0;1;176;176;11
2011;'110633002; ;7;Secção;310;309;309;0;1;279;279;10
2011;'110633003; ;7;Secção;280;280;279;1;0;232;233;21
2011;'110633004; ;7;Secção;320;320;320;0;0;270;270;27
2011;'110633005; ;7;Secção;358;358;358;0;0;314;314;42
2011;'110633006; ;7;Secção;681;681;681;0;0;525;525;71
2011;'110633007; ;7;Secção;290;290;290;0;0;255;255;15
2011;'110633008; ;7;Secção;288;286;286;0;2;241;241;27
2011;'110633009; ;7;Secção;376;372;372;0;4;319;319;32
2011;'110633010; ;7;Secção;270;270;270;0;0;221;221;27
2011;'110633011; ;7;Secção;282;282;282;0;0;242;242;3
2011;'110633012; ;7;Secção;274;274;274;0;0;206;206;12
2011;'110633013; ;7;Secção;213;213;212;1;0;192;193;16
2011;'110633014; ;7;Secção;273;273;273;0;0;212;212;11
2011;'110633015; ;7;Secção;494;494;494;0;0;332;332;101
2011;'110633016; ;7;Secção;620;620;620;0;0;372;372;50
2011;'110633017; ;7;Secção;221;221;221;0;0;189;189;22
2011;'110633018; ;7;Secção;294;294;294;0;0;251;251;15
2011;'110633019; ;7;Secção;542;542;542;0;0;441;441;43
2011;'110633020; ;7;Secção;350;350;350;0;0;272;272;39
2011;'110633021; ;7;Secção;503;503;503;0;0;433;433;22
2011;'110633022; ;7;Secção;275;274;274;0;1;203;203;25
2011;'110633023; ;7;Secção;320;320;320;0;0;272;272;26
2011;'110633024; ;7;Secção;278;278;277;1;0;220;221;16
2011;'110633025; ;7;Secção;322;321;321;0;1;71;71;223
2011;'110633026; ;7;Secção;229;229;229;0;0;191;191;9
2011;'110633027; ;7;Secção;116;116;116;0;0;71;71;15
2011;'110633028; ;7;Secção;200;200;199;1;0;177;178;12
2011;'110633029; ;7;Secção;303;302;302;0;1;237;237;37
2011;'110633030; ;7;Secção;358;358;357;1;0;318;319;17
2011;'110633031; ;7;Secção;370;370;370;0;0;322;322;22
2011;'110633032; ;7;Secção;320;319;319;0;1;234;234;60
2011;'110633033; ;7;Secção;289;288;288;0;1;201;201;34
2011;'110633034; ;7;Secção;322;321;320;1;1;269;270;20
2011;'110633035; ;7;Secção;302;302;302;0;0;256;256;37
2011;'110633036; ;7;Secção;400;399;399;0;1;315;315;54
2011;'110633037; ;7;Secção;345;345;345;0;0;321;321;11
2011;'110633038; ;7;Secção;280;280;280;0;0;239;239;14
2011;'110633039; ;7;Secção;261;261;261;0;0;144;144;16
2011;'110633040; ;7;Secção;259;259;259;0;0;211;211;32
2011;'110633041; ;7;Secção;309;309;309;0;0;267;267;16
2011;'110633042; ;7;Secção;290;290;290;0;0;222;222;8
2011;'110633043; ;7;Secção;367;367;365;2;0;326;328;22
2011;'110633044; ;7;Secção;270;264;264;0;6;229;229;14
2011;'110633045; ;7;Secção;328;328;328;0;0;270;270;19
2011;'110633046; ;7;Secção;328;328;328;0;0;275;275;32
2011;'110633047; ;7;Secção;233;233;233;0;0;165;165;13
2011;'110633048; ;7;Secção;284;282;282;0;2;192;192;59
2011;'110633049; ;7;Secção;356;356;355;1;0;309;310;24
2011;'110633050; ;7;Secção;299;299;299;0;0;261;261;16
2011;'110633051; ;7;Secção;450;450;450;0;0;391;391;15
2011;'110633052; ;7;Secção;329;329;329;0;0;286;286;38
2011;'110633053; ;7;Secção;334;334;334;0;0;292;292;18
2011;'110633054; ;7;Secção;331;331;330;1;0;276;277;13
2011;'110633055; ;7;Secção;366;366;366;0;0;299;299;16
2011;'110633056; ;7;Secção;319;319;319;0;0;280;280;12
2011;'110633057; ;7;Secção;337;337;337;0;0;294;294;3
2011;'110633058; ;7;Secção;309;307;307;0;2;277;277;18
2011;'110633059; ;7;Secção;305;305;305;0;0;245;245;51
2011;'110633060; ;7;Secção;347;347;347;0;0;296;296;35
2011;'110633061; ;7;Secção;349;349;348;1;0;309;310;31
2011;'110633062; ;7;Secção;199;199;199;0;0;142;142;16
2011;'110633063; ;7;Secção;419;419;419;0;0;326;326;35
2011;'110633064; ;7;Secção;269;269;269;0;0;230;230;11
2011;'110633065; ;7;Secção;339;339;339;0;0;281;281;1
2011;'110633066; ;7;Secção;229;229;229;0;0;200;200;11
2011;'110633067; ;7;Secção;323;323;322;1;0;200;201;67
2011;'110633068; ;7;Secção;440;440;440;0;0;370;370;29
2011;'110633069; ;7;Secção;301;301;301;0;0;270;270;8
2011;'110633070; ;7;Secção;259;259;259;0;0;215;215;24
2011;'110633071; ;7;Secção;367;366;366;0;1;305;305;21
2011;'110633072; ;7;Secção;330;330;330;0;0;279;279;20
2011;'110633073; ;7;Secção;369;369;369;0;0;309;309;30
2011;'110633074; ;7;Secção;281;281;279;2;0;236;238;4
2011;'110633075; ;7;Secção;264;264;264;0;0;196;196;37
2011;'110633076; ;7;Secção;304;304;304;0;0;232;232;53
2011;'110633077; ;7;Secção;261;261;261;0;0;201;201;13
2011;'110633078; ;7;Secção;234;232;232;0;2;135;135;67
2011;'110633079; ;7;Secção;324;323;323;0;1;283;283;10
2011;'110633080; ;7;Secção;247;247;247;0;0;205;205;10
2011;'110633081; ;7;Secção;507;507;507;0;0;247;247;167
2011;'110634001; ;7;Secção;248;246;246;0;2;152;152;58
2011;'110634002; ;7;Secção;311;310;310;0;1;167;167;106
2011;'110635001; ;7;Secção;266;265;265;0;1;191;191;44
2011;'110635002; ;7;Secção;391;391;391;0;0;310;310;30
2011;'110635003; ;7;Secção;99;99;98;1;0;78;79;19
2011;'110635004; ;7;Secção;234;233;233;0;1;177;177;32
2011;'110635005; ;7;Secção;291;291;291;0;0;220;220;51
2011;'110635006; ;7;Secção;361;361;361;0;0;263;263;41
2011;'110635007; ;7;Secção;281;281;280;1;0;189;190;76
2011;'110635008; ;7;Secção;176;175;174;1;1;111;112;35
2011;'110635009; ;7;Secção;276;276;276;0;0;204;204;43
2011;'110635010; ;7;Secção;302;302;302;0;0;236;236;34
2011;'110635011; ;7;Secção;283;282;282;0;1;221;221;34
2011;'110635012; ;7;Secção;240;239;239;0;1;225;225;12
2011;'110635013; ;7;Secção;331;331;331;0;0;248;248;47
2011;'110635014; ;7;Secção;307;306;306;0;1;242;242;27
2011;'110635015; ;7;Secção;265;265;265;0;0;206;206;47
2011;'110635016; ;7;Secção;302;302;302;0;0;235;235;46
2011;'110635017; ;7;Secção;257;257;257;0;0;196;196;35
2011;'110635018; ;7;Secção;354;352;352;0;2;270;270;50
2011;'110635019; ;7;Secção;363;363;363;0;0;278;278;39
2011;'110635020; ;7;Secção;325;325;325;0;0;265;265;12
2011;'110635021; ;7;Secção;225;225;225;0;0;176;176;35
2011;'110635022; ;7;Secção;315;315;315;0;0;232;232;50
2011;'110635023; ;7;Secção;349;349;349;0;0;235;235;76
2011;'110635024; ;7;Secção;257;254;254;0;3;178;178;37
2011;'110635025; ;7;Secção;362;362;362;0;0;291;291;48
2011;'110635026; ;7;Secção;320;320;320;0;0;262;262;39
2011;'110635027; ;7;Secção;335;335;335;0;0;245;245;33
2011;'110635028; ;7;Secção;442;441;441;0;1;361;361;46
2011;'110635029; ;7;Secção;322;320;320;0;2;244;244;37
2011;'110635030; ;7;Secção;351;351;350;1;0;282;283;37
2011;'110635031; ;7;Secção;230;230;229;1;0;144;145;77
2011;'110635032; ;7;Secção;283;283;283;0;0;231;231;23
2011;'110636001; ;7;Secção;290;290;290;0;0;166;166;108
2011;'110636002; ;7;Secção;324;324;323;1;0;182;183;137
2011;'110636003; ;7;Secção;331;325;325;0;6;195;195;39
2011;'110636004; ;7;Secção;295;295;295;0;0;124;124;166
2011;'110636005; ;7;Secção;331;331;331;0;0;168;168;157
2011;'110637001; ;7;Secção;421;421;421;0;0;277;277;102
2011;'110637002; ;7;Secção;342;342;342;0;0;228;228;87
2011;'110637003; ;7;Secção;363;362;362;0;1;233;233;95
2011;'110637004; ;7;Secção;359;359;359;0;0;229;229;96
2011;'110637005; ;7;Secção;308;306;306;0;2;215;215;65
2011;'110637006; ;7;Secção;316;314;314;0;2;210;210;69
2011;'110637007; ;7;Secção;325;323;323;0;2;215;215;78
2011;'110637008; ;7;Secção;464;461;461;0;3;259;259;161
2011;'110638001; ;7;Secção;239;238;238;0;1;161;161;21
2011;'110638002; ;7;Secção;291;291;291;0;0;168;168;69
2011;'110638003; ;7;Secção;323;322;322;0;1;183;183;89
2011;'110638004; ;7;Secção;243;241;241;0;2;151;151;37
2011;'110639001; ;7;Secção;265;261;261;0;4;188;188;52
2011;'110639002; ;7;Secção;318;318;317;1;0;277;278;5
2011;'110639003; ;7;Secção;249;249;249;0;0;199;199;25
2011;'110639004; ;7;Secção;282;282;282;0;0;236;236;15
2011;'110639005; ;7;Secção;479;479;479;0;0;396;396;31
2011;'110639006; ;7;Secção;349;349;349;0;0;267;267;29
2011;'110639007; ;7;Secção;552;551;551;0;1;451;451;41
2011;'110639008; ;7;Secção;244;244;244;0;0;179;179;18
2011;'110639009; ;7;Secção;558;558;558;0;0;407;407;38
2011;'110639010; ;7;Secção;251;251;251;0;0;208;208;32
2011;'110639011; ;7;Secção;359;358;358;0;1;247;247;97
2011;'110639012; ;7;Secção;291;291;291;0;0;225;225;11
2011;'110639013; ;7;Secção;522;522;522;0;0;432;432;50
2011;'110639014; ;7;Secção;199;198;198;0;1;162;162;34
2011;'110639015; ;7;Secção;300;300;300;0;0;222;222;11
2011;'110639016; ;7;Secção;508;507;507;0;1;366;366;85
2011;'110639017; ;7;Secção;281;281;281;0;0;226;226;39
2011;'110639018; ;7;Secção;451;450;450;0;1;264;264;107
2011;'110639019; ;7;Secção;258;258;258;0;0;207;207;13
2011;'110639020; ;7;Secção;320;320;320;0;0;277;277;36
2011;'110639021; ;7;Secção;356;356;356;0;0;298;298;36
2011;'110639022; ;7;Secção;279;278;278;0;1;205;205;50
2011;'110639023; ;7;Secção;160;159;159;0;1;131;131;21
2011;'110639024; ;7;Secção;181;181;181;0;0;146;146;17
2011;'110639025; ;7;Secção;496;494;494;0;2;407;407;19
2011;'110639026; ;7;Secção;323;323;323;0;0;262;262;32
2011;'110639027; ;7;Secção;331;331;331;0;0;276;276;39
2011;'110639028; ;7;Secção;197;197;197;0;0;60;60;133
2011;'110639029; ;7;Secção;27;27;27;0;0;15;15;9
2011;'110639030; ;7;Secção;404;404;404;0;0;328;328;55
2011;'110639031; ;7;Secção;439;437;437;0;2;269;269;74
2011;'110639032; ;7;Secção;53;53;53;0;0;46;46;4
2011;'110639033; ;7;Secção;506;506;505;1;0;384;385;87
2011;'110639034; ;7;Secção;319;319;319;0;0;255;255;46
2011;'110639035; ;7;Secção;424;424;424;0;0;321;321;58
2011;'110639036; ;7;Secção;365;365;365;0;0;231;231;115
2011;'110639037; ;7;Secção;420;419;419;0;1;306;306;72
2011;'110639038; ;7;Secção;310;310;310;0;0;219;219;67
2011;'110639039; ;7;Secção;234;234;234;0;0;164;164;48
2011;'110639040; ;7;Secção;446;445;445;0;1;350;350;76
2011;'110639041; ;7;Secção;255;252;252;0;3;197;197;16
2011;'110639042; ;7;Secção;229;229;229;0;0;167;167;49
2011;'110639043; ;7;Secção;500;500;500;0;0;320;320;127
2011;'110639044; ;7;Secção;301;301;301;0;0;230;230;67
2011;'110639045; ;7;Secção;317;317;317;0;0;232;232;55
2011;'110639046; ;7;Secção;421;421;421;0;0;307;307;58
2011;'110639047; ;7;Secção;264;264;263;1;0;171;172;32
2011;'110639048; ;7;Secção;281;281;281;0;0;212;212;47
2011;'110639049; ;7;Secção;295;295;295;0;0;218;218;58
2011;'110639050; ;7;Secção;377;377;377;0;0;278;278;50
2011;'110639051; ;7;Secção;317;317;317;0;0;242;242;46
2011;'110639052; ;7;Secção;295;295;295;0;0;227;227;43
2011;'110639053; ;7;Secção;304;303;303;0;1;175;175;67
2011;'110639054; ;7;Secção;516;516;515;1;0;353;354;100
2011;'110639055; ;7;Secção;95;94;94;0;1;59;59;26
2011;'110639056; ;7;Secção;307;307;307;0;0;218;218;72
2011;'110639057; ;7;Secção;269;269;269;0;0;193;193;33
2011;'110639058; ;7;Secção;315;315;315;0;0;260;260;29
2011;'110639059; ;7;Secção;326;325;325;0;1;279;279;23
2011;'110639060; ;7;Secção;313;312;312;0;1;278;278;15
2011;'110639061; ;7;Secção;348;345;345;0;3;208;208;76
2011;'110639062; ;7;Secção;309;309;309;0;0;211;211;74
2011;'110640001; ;7;Secção;294;294;294;0;0;206;206;47
2011;'110640002; ;7;Secção;304;304;293;11;0;245;256;32
2011;'110640003; ;7;Secção;264;264;264;0;0;205;205;32
2011;'110640004; ;7;Secção;371;370;369;1;1;309;310;29
2011;'110640005; ;7;Secção;299;299;299;0;0;239;239;31
2011;'110640006; ;7;Secção;317;314;313;1;3;233;234;65
2011;'110640007; ;7;Secção;229;229;229;0;0;145;145;61
2011;'110640008; ;7;Secção;344;344;344;0;0;284;284;37
2011;'110640009; ;7;Secção;387;387;387;0;0;291;291;71
2011;'110640010; ;7;Secção;356;356;356;0;0;298;298;38
2011;'110640011; ;7;Secção;326;326;326;0;0;240;240;48
2011;'110640012; ;7;Secção;423;423;423;0;0;330;330;49
2011;'110640013; ;7;Secção;308;306;306;0;2;246;246;35
2011;'110641001; ;7;Secção;425;424;424;0;1;321;321;44
2011;'110641002; ;7;Secção;286;285;285;0;1;204;204;53
2011;'110641003; ;7;Secção;410;409;409;0;1;272;272;95
2011;'110641004; ;7;Secção;225;224;224;0;1;166;166;38
2011;'110641005; ;7;Secção;371;371;371;0;0;300;300;54
2011;'110641006; ;7;Secção;344;344;344;0;0;263;263;52
2011;'110641007; ;7;Secção;270;270;270;0;0;206;206;47
2011;'110641008; ;7;Secção;378;377;377;0;1;269;269;63
2011;'110641009; ;7;Secção;335;335;335;0;0;247;247;52
2011;'110641010; ;7;Secção;166;166;164;2;0;125;127;23
2011;'110641011; ;7;Secção;234;232;232;0;2;148;148;54
2011;'110641012; ;7;Secção;374;368;368;0;6;262;262;64
2011;'110641013; ;7;Secção;361;361;361;0;0;196;196;143
2011;'110641014; ;7;Secção;337;337;337;0;0;243;243;59
2011;'110641015; ;7;Secção;246;244;244;0;2;187;187;38
2011;'110641016; ;7;Secção;567;567;566;1;0;430;431;67
2011;'110641017; ;7;Secção;244;243;243;0;1;165;165;54
2011;'110641018; ;7;Secção;304;304;304;0;0;217;217;47
2011;'110641019; ;7;Secção;304;304;303;1;0;235;236;54
2011;'110641020; ;7;Secção;360;360;360;0;0;254;254;54
2011;'110641021; ;7;Secção;349;349;349;0;0;267;267;70
2011;'110641022; ;7;Secção;230;230;230;0;0;182;182;24
2011;'110641023; ;7;Secção;217;217;217;0;0;170;170;29
2011;'110641024; ;7;Secção;227;227;227;0;0;171;171;33
2011;'110641025; ;7;Secção;409;409;409;0;0;321;321;58
2011;'110641026; ;7;Secção;242;242;242;0;0;192;192;12
2011;'110641027; ;7;Secção;368;367;367;0;1;275;275;39
2011;'110641028; ;7;Secção;268;267;267;0;1;205;205;55
2011;'110641029; ;7;Secção;350;350;350;0;0;310;310;31
2011;'110641030; ;7;Secção;303;301;301;0;2;205;205;57
2011;'110642001; ;7;Secção;120;120;120;0;0;115;115;1
2011;'110642002; ;7;Secção;338;336;336;0;2;245;245;39
2011;'110642003; ;7;Secção;328;327;325;2;1;278;280;14
2011;'110642004; ;7;Secção;288;278;278;0;10;175;175;13
2011;'110642005; ;7;Secção;292;292;292;0;0;223;223;22
2011;'110642006; ;7;Secção;315;299;299;0;16;211;211;53
2011;'110642007; ;7;Secção;340;339;339;0;1;266;266;11
2011;'110642008; ;7;Secção;339;339;339;0;0;261;261;36
2011;'110642009; ;7;Secção;359;359;359;0;0;267;267;9
2011;'110642010; ;7;Secção;324;322;322;0;2;258;258;23
2011;'110642011; ;7;Secção;340;337;337;0;3;275;275;31
2011;'110642012; ;7;Secção;305;305;305;0;0;218;218;58
2011;'110642013; ;7;Secção;295;293;293;0;2;229;229;5
2011;'110642014; ;7;Secção;399;399;399;0;0;275;275;76
2011;'110642015; ;7;Secção;303;303;303;0;0;249;249;14
2011;'110642016; ;7;Secção;304;304;304;0;0;235;235;31
2011;'110642017; ;7;Secção;290;287;287;0;3;217;217;39
2011;'110642018; ;7;Secção;250;248;248;0;2;199;199;23
2011;'110642019; ;7;Secção;263;262;262;0;1;178;178;29
2011;'110642020; ;7;Secção;327;327;327;0;0;221;221;59
2011;'110642021; ;7;Secção;360;360;360;0;0;245;245;75
2011;'110642022; ;7;Secção;346;346;346;0;0;266;266;45
2011;'110643001; ;7;Secção;299;299;299;0;0;186;186;105
2011;'110643002; ;7;Secção;354;354;354;0;0;206;206;56
2011;'110643003; ;7;Secção;476;476;476;0;0;344;344;128
2011;'110643004; ;7;Secção;345;344;344;0;1;242;242;57
2011;'110643005; ;7;Secção;237;237;237;0;0;181;181;42
2011;'110643006; ;7;Secção;292;292;292;0;0;227;227;32
2011;'110643007; ;7;Secção;402;402;402;0;0;260;260;25
2011;'110643008; ;7;Secção;373;373;373;0;0;285;285;58
2011;'110643009; ;7;Secção;336;335;335;0;1;219;219;98
2011;'110643010; ;7;Secção;233;233;233;0;0;159;159;47
2011;'110643011; ;7;Secção;393;392;392;0;1;244;244;59
2011;'110643012; ;7;Secção;342;338;338;0;4;225;225;96
2011;'110643013; ;7;Secção;307;307;307;0;0;202;202;10
2011;'110643014; ;7;Secção;241;240;240;0;1;194;194;41
2011;'110643015; ;7;Secção;286;285;285;0;1;205;205;43
2011;'110643016; ;7;Secção;287;287;287;0;0;222;222;31
2011;'110643017; ;7;Secção;458;455;455;0;3;329;329;84
2011;'110643018; ;7;Secção;235;234;234;0;1;183;183;37
2011;'110643019; ;7;Secção;258;257;255;2;1;183;185;48
2011;'110643020; ;7;Secção;287;287;287;0;0;214;214;44
2011;'110644001; ;7;Secção;307;307;307;0;0;230;230;30
2011;'110644002; ;7;Secção;397;393;393;0;4;277;277;69
2011;'110644003; ;7;Secção;340;334;334;0;6;238;238;73
2011;'110644004; ;7;Secção;339;338;337;1;1;202;203;66
2011;'110644005; ;7;Secção;378;375;375;0;3;273;273;74
2011;'110644006; ;7;Secção;304;303;303;0;1;213;213;61
2011;'110644007; ;7;Secção;306;305;305;0;1;200;200;52
2011;'110644008; ;7;Secção;299;297;297;0;2;183;183;98
2011;'110644009; ;7;Secção;303;303;302;1;0;225;226;47
2011;'110644010; ;7;Secção;256;256;256;0;0;179;179;53
2011;'110644011; ;7;Secção;285;285;285;0;0;199;199;34
2011;'110644012; ;7;Secção;308;308;308;0;0;213;213;56
2011;'110644013; ;7;Secção;101;98;98;0;3;63;63;31
2011;'110644014; ;7;Secção;213;210;210;0;3;139;139;40
2011;'110644015; ;7;Secção;333;331;331;0;2;210;210;59
2011;'110644016; ;7;Secção;295;292;292;0;3;210;210;56
2011;'110644017; ;7;Secção;395;395;395;0;0;251;251;56
2011;'110644018; ;7;Secção;292;285;285;0;7;201;201;63
2011;'110644019; ;7;Secção;294;294;294;0;0;226;226;32
2011;'110644020; ;7;Secção;357;357;356;1;0;248;249;56
2011;'110644021; ;7;Secção;355;352;351;1;3;226;227;88
2011;'110644022; ;7;Secção;304;303;303;0;1;200;200;24
2011;'110644023; ;7;Secção;179;179;179;0;0;94;94;43
2011;'110644024; ;7;Secção;289;286;286;0;3;192;192;58
2011;'110644025; ;7;Secção;370;367;367;0;3;258;258;71
2011;'110644026; ;7;Secção;558;557;557;0;1;417;417;72
2011;'110644027; ;7;Secção;433;430;430;0;3;305;305;80
2011;'110644028; ;7;Secção;413;407;407;0;6;266;266;108
2011;'110644029; ;7;Secção;76;75;75;0;1;68;68;4
2011;'110644030; ;7;Secção;304;302;302;0;2;226;226;34
2011;'110644031; ;7;Secção;397;396;396;0;1;292;292;57
2011;'110644032; ;7;Secção;282;282;282;0;0;210;210;37
2011;'110644033; ;7;Secção;203;202;202;0;1;165;165;12
2011;'110644034; ;7;Secção;277;277;276;1;0;221;222;27
2011;'110644035; ;7;Secção;279;278;278;0;1;194;194;48
2011;'110644036; ;7;Secção;263;260;260;0;3;169;169;72
2011;'110644037; ;7;Secção;273;267;267;0;6;193;193;18
2011;'110644038; ;7;Secção;235;234;234;0;1;193;193;29
2011;'110644039; ;7;Secção;370;367;367;0;3;257;257;70
2011;'110645001; ;7;Secção;252;250;249;1;2;154;155;81
2011;'110645002; ;7;Secção;298;298;298;0;0;163;163;127
2011;'110645003; ;7;Secção;221;219;219;0;2;105;105;86
2011;'110645004; ;7;Secção;294;294;293;1;0;197;198;56
2011;'110645005; ;7;Secção;257;253;253;0;4;155;155;50
2011;'110645006; ;7;Secção;163;159;158;1;4;82;83;37
2011;'110645007; ;7;Secção;315;310;310;0;5;183;183;109
2011;'110645008; ;7;Secção;246;236;236;0;10;106;106;102
2011;'110645009; ;7;Secção;308;308;308;0;0;202;202;86
2011;'110646001; ;7;Secção;221;215;215;0;6;165;165;35
2011;'110646002; ;7;Secção;303;303;303;0;0;228;228;46
2011;'110646003; ;7;Secção;384;384;384;0;0;291;291;48
2011;'110646004; ;7;Secção;262;257;257;0;5;188;188;44
2011;'110646005; ;7;Secção;268;268;268;0;0;210;210;46
2011;'110646006; ;7;Secção;122;116;116;0;6;88;88;18
2011;'110646007; ;7;Secção;298;293;293;0;5;216;216;45
2011;'110646008; ;7;Secção;258;256;256;0;2;152;152;52
2011;'110646009; ;7;Secção;348;347;347;0;1;250;250;55
2011;'110646010; ;7;Secção;296;294;294;0;2;171;171;76
2011;'110646011; ;7;Secção;285;285;285;0;0;190;190;56
2011;'110646012; ;7;Secção;303;303;303;0;0;216;216;40
2011;'110647001; ;7;Secção;307;307;307;0;0;228;228;52
2011;'110647002; ;7;Secção;276;276;276;0;0;204;204;47
2011;'110647003; ;7;Secção;298;298;298;0;0;231;231;45
2011;'110647004; ;7;Secção;258;257;257;0;1;196;196;33
2011;'110648001; ;7;Secção;188;186;186;0;2;44;44;86
2011;'110648002; ;7;Secção;125;119;119;0;6;71;71;23
2011;'110648003; ;7;Secção;255;252;252;0;3;87;87;126
2011;'110648004; ;7;Secção;167;160;160;0;7;56;56;92
2011;'110648005; ;7;Secção;245;238;238;0;7;52;52;161
2011;'110648006; ;7;Secção;208;204;204;0;4;73;73;86
2011;'110649001; ;7;Secção;290;290;290;0;0;209;209;54
2011;'110649002; ;7;Secção;316;314;314;0;2;188;188;60
2011;'110649003; ;7;Secção;297;297;297;0;0;193;193;58
2011;'110649004; ;7;Secção;297;296;296;0;1;187;187;50
2011;'110649005; ;7;Secção;263;260;259;1;3;149;150;70
2011;'110649006; ;7;Secção;361;359;358;1;2;208;209;90
2011;'110649007; ;7;Secção;223;220;220;0;3;141;141;45
2011;'110650001; ;7;Secção;304;303;303;0;1;222;222;42
2011;'110650002; ;7;Secção;325;323;323;0;2;220;220;30
2011;'110650003; ;7;Secção;399;399;399;0;0;277;277;67
2011;'110650004; ;7;Secção;276;267;266;1;9;191;192;38
2011;'110650005; ;7;Secção;283;279;278;1;4;190;191;23
2011;'110650006; ;7;Secção;277;276;276;0;1;159;159;94
2011;'110650007; ;7;Secção;248;243;243;0;5;127;127;39
2011;'110650008; ;7;Secção;259;256;256;0;3;171;171;61
2011;'110650009; ;7;Secção;179;176;176;0;3;117;117;35
2011;'110650010; ;7;Secção;200;198;198;0;2;124;124;28
2011;'110650011; ;7;Secção;142;139;139;0;3;76;76;53
2011;'110650012; ;7;Secção;203;200;200;0;3;152;152;45
2011;'110650013; ;7;Secção;190;188;188;0;2;120;120;38
2011;'110650014; ;7;Secção;196;189;189;0;7;121;121;45
2011;'110650015; ;7;Secção;258;258;258;0;0;195;195;47
2011;'110650016; ;7;Secção;351;349;349;0;2;268;268;58
2011;'110651001; ;7;Secção;341;341;339;2;0;265;267;47
2011;'110651002; ;7;Secção;294;294;294;0;0;216;216;55
2011;'110651003; ;7;Secção;317;317;316;1;0;227;228;69
2011;'110651004; ;7;Secção;319;318;317;1;1;210;211;56
2011;'110651005; ;7;Secção;235;235;235;0;0;137;137;32
2011;'110651006; ;7;Secção;333;333;332;1;0;234;235;60
2011;'110651007; ;7;Secção;273;269;269;0;4;172;172;36
2011;'110651008; ;7;Secção;271;271;271;0;0;167;167;67
2011;'110651009; ;7;Secção;267;266;266;0;1;148;148;73
2011;'110652001; ;7;Secção;242;241;241;0;1;149;149;67
2011;'110652002; ;7;Secção;329;325;325;0;4;153;153;136
2011;'110652003; ;7;Secção;300;296;296;0;4;108;108;163
2011;'110653001; ;7;Secção;389;387;383;4;2;272;276;82
2011;'110653002; ;7;Secção;302;299;299;0;3;190;190;96
2011;'110653003; ;7;Secção;331;330;330;0;1;180;180;101
2011;'110653004; ;7;Secção;249;248;248;0;1;127;127;105
2011;'110653005; ;7;Secção;245;245;244;1;0;171;172;60
2011;'110653006; ;7;Secção;370;367;367;0;3;235;235;111
2011;'110653007; ;7;Secção;205;205;205;0;0;151;151;35
2011;'11060100101; ;8;Subsecção;2;2;2;0;0;0;0;0
2011;'11060100102; ;8;Subsecção;28;28;28;0;0;20;20;6
2011;'11060100103; ;8;Subsecção;20;20;20;0;0;18;18;1
2011;'11060100104; ;8;Subsecção;1;1;1;0;0;1;1;0
2011;'11060100105; ;8;Subsecção;23;23;23;0;0;21;21;2
2011;'11060100106; ;8;Subsecção;14;14;14;0;0;12;12;1
2011;'11060100107; ;8;Subsecção;29;29;29;0;0;19;19;7
2011;'11060100108; ;8;Subsecção;5;4;4;0;1;4;4;0
2011;'11060100109; ;8;Subsecção;7;7;7;0;0;3;3;3
2011;'11060100110; ;8;Subsecção;33;33;33;0;0;27;27;3
2011;'11060100111; ;8;Subsecção;8;8;8;0;0;8;8;0
2011;'11060100112; ;8;Subsecção;6;6;6;0;0;5;5;1
2011;'11060100113; ;8;Subsecção;40;40;40;0;0;25;25;14
2011;'11060100114; ;8;Subsecção;48;48;48;0;0;29;29;17
2011;'11060100115; ;8;Subsecção;2;2;2;0;0;2;2;0
2011;'11060100201; ;8;Subsecção;0;0;0;0;0;0;0;0
2011;'11060100202; ;8;Subsecção;71;71;71;0;0;52;52;6
2011;'11060100203; ;8;Subsecção;173;173;173;0;0;162;162;2
2011;'11060100204; ;8;Subsecção;106;106;106;0;0;94;94;2
2011;'11060100301; ;8;Subsecção;0;0;0;0;0;0;0;0
2011;'11060100302; ;8;Subsecção;17;17;17;0;0;17;17;0
2011;'11060100303; ;8;Subsecção;20;20;20;0;0;14;14;4
2011;'11060100304; ;8;Subsecção;6;6;6;0;0;5;5;1
2011;'11060100305; ;8;Subsecção;66;66;66;0;0;58;58;3
2011;'11060100306; ;8;Subsecção;31;31;31;0;0;29;29;1
2011;'11060100307; ;8;Subsecção;8;8;8;0;0;8;8;0
2011;'11060100308; ;8;Subsecção;23;23;23;0;0;21;21;1
2011;'11060100309; ;8;Subsecção;22;22;22;0;0;18;18;0
2011;'11060100310; ;8;Subsecção;24;24;24;0;0;18;18;1
2011;'11060100311; ;8;Subsecção;25;25;25;0;0;22;22;0
2011;'11060100312; ;8;Subsecção;24;24;24;0;0;20;20;2
2011;'11060100313; ;8;Subsecção;22;22;22;0;0;18;18;2
2011;'11060100401; ;8;Subsecção;45;45;45;0;0;43;43;1
2011;'11060100402; ;8;Subsecção;18;18;18;0;0;12;12;5
2011;'11060100403; ;8;Subsecção;125;125;125;0;0;113;113;4
2011;'11060100404; ;8;Subsecção;14;14;14;0;0;8;8;5
2011;'11060100405; ;8;Subsecção;56;56;56;0;0;48;48;4
2011;'11060100406; ;8;Subsecção;28;28;28;0;0;25;25;1
2011;'11060100407; ;8;Subsecção;64;64;64;0;0;47;47;6
2011;'11060100501; ;8;Subsecção;26;26;26;0;0;19;19;4
2011;'11060100502; ;8;Subsecção;29;29;29;0;0;23;23;5
2011;'11060100503; ;8;Subsecção;48;48;48;0;0;38;38;5
2011;'11060100504; ;8;Subsecção;38;38;38;0;0;29;29;5
2011;'11060100505; ;8;Subsecção;18;18;18;0;0;17;17;0
2011;'11060100506; ;8;Subsecção;13;13;13;0;0;13;13;0
2011;'11060100507; ;8;Subsecção;110;110;110;0;0;88;88;16
2011;'11060100508; ;8;Subsecção;0;0;0;0;0;0;0;0
2011;'11060100601; ;8;Subsecção;56;56;56;0;0;50;50;1
2011;'11060100602; ;8;Subsecção;6;6;6;0;0;5;5;0
2011;'11060100603; ;8;Subsecção;14;14;14;0;0;14;14;0
2011;'11060100604; ;8;Subsecção;12;12;12;0;0;11;11;0
2011;'11060100605; ;8;Subsecção;14;14;14;0;0;13;13;0
2011;'11060100606; ;8;Subsecção;0;0;0;0;0;0;0;0
2011;'11060100607; ;8;Subsecção;10;10;10;0;0;8;8;2
2011;'11060100608; ;8;Subsecção;8;8;8;0;0;7;7;0
2011;'11060100609; ;8;Subsecção;10;10;10;0;0;8;8;1
2011;'11060100610; ;8;Subsecção;8;8;8;0;0;6;6;1
2011;'11060100611; ;8;Subsecção;12;12;12;0;0;8;8;0
2011;'11060100612; ;8;Subsecção;8;8;8;0;0;8;8;0
2011;'11060100613; ;8;Subsecção;12;12;12;0;0;8;8;2
2011;'11060100614; ;8;Subsecção;12;12;11;1;0;9;10;2
2011;'11060100615; ;8;Subsecção;4;4;4;0;0;4;4;0
2011;'11060100616; ;8;Subsecção;7;7;7;0;0;6;6;0
2011;'11060100617; ;8;Subsecção;8;8;8;0;0;4;4;0
2011;'11060100618; ;8;Subsecção;4;4;4;0;0;3;3;1
2011;'11060100619; ;8;Subsecção;10;10;10;0;0;9;9;0
2011;'11060100620; ;8;Subsecção;4;4;4;0;0;1;1;1
2011;'11060100621; ;8;Subsecção;8;8;8;0;0;7;7;0
2011;'11060100622; ;8;Subsecção;14;14;14;0;0;11;11;2
2011;'11060100701; ;8;Subsecção;126;126;126;0;0;110;110;7
2011;'11060100702; ;8;Subsecção;181;181;181;0;0;165;165;2
2011;'11060100801; ;8;Subsecção;32;32;32;0;0;27;27;5
2011;'11060100802; ;8;Subsecção;56;55;55;0;1;33;33;14
2011;'11060100803; ;8;Subsecção;75;75;75;0;0;60;60;13
2011;'11060100804; ;8;Subsecção;39;39;39;0;0;22;22;13
2011;'11060100901; ;8;Subsecção;38;38;38;0;0;27;27;7
2011;'11060100902; ;8;Subsecção;112;112;112;0;0;95;95;4
2011;'11060100903; ;8;Subsecção;28;28;28;0;0;21;21;0
2011;'11060100904; ;8;Subsecção;28;28;28;0;0;22;22;3
2011;'11060100905; ;8;Subsecção;84;84;84;0;0;69;69;1
2011;'11060100906; ;8;Subsecção;52;52;51;1;0;48;49;1
2011;'11060101001; ;8;Subsecção;0;0;0;0;0;0;0;0
2011;'11060101002; ;8;Subsecção;41;41;41;0;0;39;39;1
2011;'11060101003; ;8;Subsecção;7;7;7;0;0;5;5;0
2011;'11060101004; ;8;Subsecção;59;59;59;0;0;49;49;4
2011;'11060101005; ;8;Subsecção;4;4;4;0;0;2;2;2
2011;'11060101006; ;8;Subsecção;12;12;12;0;0;12;12;0
2011;'11060101007; ;8;Subsecção;7;7;7;0;0;6;6;1
2011;'11060101008; ;8;Subsecção;5;5;5;0;0;5;5;0
2011;'11060101009; ;8;Subsecção;35;35;35;0;0;29;29;0
2011;'11060101010; ;8;Subsecção;5;5;5;0;0;5;5;0
2011;'11060101011; ;8;Subsecção;1;1;1;0;0;1;1;0
2011;'11060101012; ;8;Subsecção;18;18;18;0;0;12;12;6
2011;'11060101013; ;8;Subsecção;2;2;2;0;0;2;2;0
2011;'11060101014; ;8;Subsecção;3;1;1;0;2;1;1;0
2011;'11060101101; ;8;Subsecção;52;52;52;0;0;44;44;0
2011;'11060101102; ;8;Subsecção;67;67;67;0;0;53;53;1
2011;'11060101103; ;8;Subsecção;30;30;30;0;0;24;24;0
2011;'11060101104; ;8;Subsecção;36;36;36;0;0;32;32;1
2011;'11060101105; ;8;Subsecção;26;26;26;0;0;23;23;2
2011;'11060101201; ;8;Subsecção;98;98;98;0;0;68;68;16
2011;'11060101202; ;8;Subsecção;45;45;45;0;0;39;39;0
2011;'11060101203; ;8;Subsecção;0;0;0;0;0;0;0;0
2011;'11060101204; ;8;Subsecção;39;39;39;0;0;29;29;4
2011;'11060101205; ;8;Subsecção;8;8;8;0;0;8;8;0
2011;'11060101206; ;8;Subsecção;39;39;39;0;0;27;27;7
2011;'11060101301; ;8;Subsecção;7;7;7;0;0;5;5;1
2011;'11060101302; ;8;Subsecção;6;6;6;0;0;4;4;0
2011;'11060101303; ;8;Subsecção;185;185;185;0;0;155;155;3
2011;'11060101304; ;8;Subsecção;144;144;144;0;0;113;113;0
2011;'11060101401; ;8;Subsecção;261;261;261;0;0;221;221;1
2011;'11060101402; ;8;Subsecção;106;106;106;0;0;91;91;3
2011;'11060101403; ;8;Subsecção;10;10;10;0;0;6;6;0
2011;'11060101501; ;8;Subsecção;80;80;77;3;0;59;62;11
2011;'11060101502; ;8;Subsecção;24;24;24;0;0;20;20;1
2011;'11060101503; ;8;Subsecção;50;50;50;0;0;38;38;5
2011;'11060101504; ;8;Subsecção;59;59;59;0;0;44;44;9
2011;'11060101601; ;8;Subsecção;307;307;307;0;0;236;236;22
2011;'11060101701; ;8;Subsecção;216;216;216;0;0;108;108;99
2011;'11060101702; ;8;Subsecção;11;11;11;0;0;7;7;4
2011;'11060101703; ;8;Subsecção;76;76;76;0;0;72;72;2
2011;'11060101704; ;8;Subsecção;17;17;17;0;0;13;13;1
2011;'11060101801; ;8;Subsecção;44;44;44;0;0;35;35;1
2011;'11060101802; ;8;Subsecção;13;13;13;0;0;9;9;3
2011;'11060101803; ;8;Subsecção;15;15;15;0;0;13;13;0
2011;'11060101804; ;8;Subsecção;20;20;20;0;0;16;16;3
2011;'11060101805; ;8;Subsecção;15;15;15;0;0;11;11;1
2011;'11060101806; ;8;Subsecção;54;54;54;0;0;36;36;8
2011;'11060101807; ;8;Subsecção;42;42;42;0;0;31;31;4
2011;'11060101808; ;8;Subsecção;43;43;43;0;0;32;32;6
2011;'11060101809; ;8;Subsecção;32;32;32;0;0;26;26;1
2011;'11060101901; ;8;Subsecção;326;326;326;0;0;265;265;22
2011;'11060102001; ;8;Subsecção;342;342;342;0;0;263;263;24
2011;'11060102101; ;8;Subsecção;86;86;86;0;0;55;55;20
2011;'11060102102; ;8;Subsecção;82;82;82;0;0;61;61;5
2011;'11060102103; ;8;Subsecção;81;81;81;0;0;68;68;0
2011;'11060102104; ;8;Subsecção;41;41;41;0;0;31;31;5
2011;'11060102105; ;8;Subsecção;20;20;20;0;0;16;16;1
2011;'11060102201; ;8;Subsecção;116;116;116;0;0;84;84;14
2011;'11060102202; ;8;Subsecção;52;52;52;0;0;33;33;8
2011;'11060102203; ;8;Subsecção;83;83;83;0;0;68;68;6
2011;'11060102204; ;8;Subsecção;12;12;12;0;0;11;11;1
2011;'11060102205; ;8;Subsecção;46;46;46;0;0;29;29;13
2011;'11060102206; ;8;Subsecção;15;15;15;0;0;9;9;3
2011;'11060102301; ;8;Subsecção;110;110;110;0;0;88;88;18
2011;'11060102302; ;8;Subsecção;200;199;199;0;1;157;157;22
2011;'11060102401; ;8;Subsecção;291;291;291;0;0;189;189;63
2011;'11060102501; ;8;Subsecção;47;47;47;0;0;37;37;4
2011;'11060102502; ;8;Subsecção;49;49;49;0;0;41;41;6
2011;'11060102503; ;8;Subsecção;12;12;12;0;0;10;10;2
2011;'11060102504; ;8;Subsecção;21;21;21;0;0;17;17;0
2011;'11060102505; ;8;Subsecção;6;6;6;0;0;6;6;0
2011;'11060102506; ;8;Subsecção;156;156;156;0;0;122;122;12
2011;'11060102507; ;8;Subsecção;14;14;14;0;0;8;8;5
2011;'11060102508; ;8;Subsecção;0;0;0;0;0;0;0;0
2011;'11060102601; ;8;Subsecção;20;20;20;0;0;13;13;4
2011;'11060102602; ;8;Subsecção;45;45;45;0;0;21;21;12
2011;'11060102603; ;8;Subsecção;101;101;101;0;0;77;77;13
2011;'11060102604; ;8;Subsecção;33;33;33;0;0;27;27;4
2011;'11060102605; ;8;Subsecção;13;13;13;0;0;6;6;7
2011;'11060102606; ;8;Subsecção;94;94;94;0;0;56;56;14
2011;'11060102701; ;8;Subsecção;262;262;262;0;0;210;210;8
2011;'11060102702; ;8;Subsecção;1;0;0;0;1;0;0;0
2011;'11060102703; ;8;Subsecção;19;19;19;0;0;8;8;7
2011;'11060102801; ;8;Subsecção;8;8;8;0;0;4;4;1
2011;'11060102802; ;8;Subsecção;107;107;107;0;0;75;75;5
2011;'11060102803; ;8;Subsecção;215;215;215;0;0;162;162;15
2011;'11060102901; ;8;Subsecção;82;82;82;0;0;64;64;9
2011;'11060102902; ;8;Subsecção;61;61;61;0;0;49;49;2
2011;'11060102903; ;8;Subsecção;21;21;21;0;0;16;16;2
2011;'11060102904; ;8;Subsecção;113;112;112;0;1;83;83;20
2011;'11060103001; ;8;Subsecção;372;372;371;1;0;271;272;40
2011;'11060200101; ;8;Subsecção;24;24;24;0;0;17;17;5
2011;'11060200102; ;8;Subsecção;11;11;10;1;0;9;10;1
2011;'11060200103; ;8;Subsecção;109;109;108;1;0;80;81;21
2011;'11060200104; ;8;Subsecção;1;1;1;0;0;1;1;0
2011;'11060200105; ;8;Subsecção;25;25;25;0;0;21;21;2
2011;'11060200106; ;8;Subsecção;25;25;25;0;0;19;19;6
2011;'11060200107; ;8;Subsecção;11;11;11;0;0;9;9;0
2011;'11060200108; ;8;Subsecção;10;10;10;0;0;9;9;1
2011;'11060200109; ;8;Subsecção;25;25;25;0;0;23;23;2
2011;'11060200110; ;8;Subsecção;0;0;0;0;0;0;0;0
2011;'11060200111; ;8;Subsecção;8;8;8;0;0;7;7;1
2011;'11060200112; ;8;Subsecção;10;10;10;0;0;7;7;3
2011;'11060200113; ;8;Subsecção;6;6;6;0;0;6;6;0
2011;'11060200114; ;8;Subsecção;10;10;10;0;0;8;8;2
2011;'11060200115; ;8;Subsecção;4;4;4;0;0;4;4;0
2011;'11060200116; ;8;Subsecção;8;8;8;0;0;6;6;2
2011;'11060200117; ;8;Subsecção;6;6;6;0;0;4;4;1
2011;'11060200118; ;8;Subsecção;1;1;1;0;0;0;0;0
2011;'11060200119; ;8;Subsecção;4;4;4;0;0;4;4;0
2011;'11060200120; ;8;Subsecção;2;2;2;0;0;2;2;0
2011;'11060200201; ;8;Subsecção;17;17;17;0;0;11;11;4
2011;'11060200202; ;8;Subsecção;0;0;0;0;0;0;0;0
2011;'11060200203; ;8;Subsecção;100;100;100;0;0;72;72;9
2011;'11060200204; ;8;Subsecção;148;148;148;0;0;111;111;10
2011;'11060200205; ;8;Subsecção;98;98;98;0;0;47;47;49
2011;'11060200301; ;8;Subsecção;140;140;140;0;0;110;110;25
2011;'11060200302; ;8;Subsecção;87;87;87;0;0;53;53;32
2011;'11060200303; ;8;Subsecção;120;120;119;1;0;75;76;37
2011;'11060200401; ;8;Subsecção;61;61;61;0;0;47;47;6
2011;'11060200402; ;8;Subsecção;67;67;66;1;0;53;54;7
2011;'11060200403; ;8;Subsecção;16;16;16;0;0;15;15;0
2011;'11060200404; ;8;Subsecção;69;69;69;0;0;58;58;1
2011;'11060200405; ;8;Subsecção;36;36;36;0;0;26;26;1
2011;'11060200406; ;8;Subsecção;36;36;36;0;0;28;28;2
2011;'11060200501; ;8;Subsecção;115;115;115;0;0;92;92;14
2011;'11060200502; ;8;Subsecção;113;113;103;10;0;74;84;21
2011;'11060200503; ;8;Subsecção;79;79;79;0;0;66;66;6
2011;'11060200504; ;8;Subsecção;46;46;46;0;0;30;30;7
2011;'11060200505; ;8;Subsecção;37;37;37;0;0;27;27;8
2011;'11060200601; ;8;Subsecção;67;67;67;0;0;52;52;9
2011;'11060200602; ;8;Subsecção;104;104;104;0;0;88;88;12
2011;'11060200603; ;8;Subsecção;76;76;76;0;0;53;53;6
2011;'11060200701; ;8;Subsecção;21;21;21;0;0;17;17;3
2011;'11060200702; ;8;Subsecção;138;136;136;0;2;95;95;26
2011;'11060200703; ;8;Subsecção;30;30;30;0;0;25;25;3
2011;'11060200704; ;8;Subsecção;94;94;94;0;0;69;69;14
2011;'11060200705; ;8;Subsecção;47;46;46;0;1;36;36;5
2011;'11060200801; ;8;Subsecção;9;8;8;0;1;7;7;1
2011;'11060200802; ;8;Subsecção;169;169;169;0;0;136;136;19
2011;'11060200803; ;8;Subsecção;125;125;125;0;0;88;88;15
2011;'11060200901; ;8;Subsecção;26;26;26;0;0;11;11;12
2011;'11060200902; ;8;Subsecção;165;165;165;0;0;142;142;12
2011;'11060200903; ;8;Subsecção;17;17;17;0;0;13;13;3
2011;'11060200904; ;8;Subsecção;12;12;12;0;0;12;12;0
2011;'11060200905; ;8;Subsecção;107;107;107;0;0;68;68;33
2011;'11060201001; ;8;Subsecção;267;267;267;0;0;208;208;24
2011;'11060201101; ;8;Subsecção;161;161;161;0;0;127;127;10
2011;'11060201102; ;8;Subsecção;121;121;121;0;0;89;89;12
2011;'11060201201; ;8;Subsecção;350;350;350;0;0;258;258;67
2011;'11060201202; ;8;Subsecção;24;22;22;0;2;18;18;3
2011;'11060201203; ;8;Subsecção;1;0;0;0;1;0;0;0
2011;'11060201301; ;8;Subsecção;139;138;138;0;1;110;110;22
2011;'11060201302; ;8;Subsecção;145;142;142;0;3;99;99;34
2011;'11060201303; ;8;Subsecção;0;0;0;0;0;0;0;0
2011;'11060201304; ;8;Subsecção;2;0;0;0;2;0;0;0
2011;'11060201305; ;8;Subsecção;7;7;7;0;0;4;4;3
2011;'11060201306; ;8;Subsecção;29;29;29;0;0;16;16;11
2011;'11060201401; ;8;Subsecção;116;116;116;0;0;82;82;25
2011;'11060201402; ;8;Subsecção;87;87;87;0;0;51;51;28
2011;'11060201403; ;8;Subsecção;35;35;35;0;0;29;29;3
2011;'11060201404; ;8;Subsecção;0;0;0;0;0;0;0;0
2011;'11060201405; ;8;Subsecção;105;105;105;0;0;64;64;32
2011;'11060201501; ;8;Subsecção;431;431;431;0;0;344;344;57
2011;'11060201601; ;8;Subsecção;122;121;121;0;1;91;91;17
2011;'11060201602; ;8;Subsecção;92;92;92;0;0;70;70;9
2011;'11060201603; ;8;Subsecção;125;125;125;0;0;93;93;25
2011;'11060201701; ;8;Subsecção;143;143;143;0;0;105;105;17
2011;'11060201702; ;8;Subsecção;0;0;0;0;0;0;0;0
2011;'11060201703; ;8;Subsecção;145;145;145;0;0;112;112;26
2011;'11060201801; ;8;Subsecção;60;60;60;0;0;47;47;7
2011;'11060201802; ;8;Subsecção;251;251;251;0;0;175;175;33
2011;'11060201901; ;8;Subsecção;135;135;135;0;0;104;104;20
2011;'11060201902; ;8;Subsecção;181;181;181;0;0;121;121;41
2011;'11060201903; ;8;Subsecção;17;17;17;0;0;15;15;2
2011;'11060202001; ;8;Subsecção;110;107;107;0;3;76;76;22
2011;'11060202002; ;8;Subsecção;1;1;1;0;0;1;1;0
2011;'11060202003; ;8;Subsecção;167;167;167;0;0;113;113;28
2011;'11060202004; ;8;Subsecção;54;53;53;0;1;35;35;15
2011;'11060202005; ;8;Subsecção;9;8;8;0;1;6;6;2
2011;'11060202006; ;8;Subsecção;0;0;0;0;0;0;0;0
2011;'11060202007; ;8;Subsecção;0;0;0;0;0;0;0;0
2011;'11060202101; ;8;Subsecção;107;107;107;0;0;77;77;15
2011;'11060202102; ;8;Subsecção;151;151;151;0;0;104;104;32
2011;'11060202103; ;8;Subsecção;158;158;158;0;0;102;102;39
2011;'11060202201; ;8;Subsecção;156;156;156;0;0;110;110;21
2011;'11060202202; ;8;Subsecção;150;150;150;0;0;104;104;31
2011;'11060202301; ;8;Subsecção;436;436;436;0;0;325;325;49
2011;'11060202401; ;8;Subsecção;237;237;237;0;0;176;176;29
2011;'11060202402; ;8;Subsecção;46;46;46;0;0;32;32;12
2011;'11060202403; ;8;Subsecção;26;26;26;0;0;22;22;3
2011;'11060202404; ;8;Subsecção;34;34;34;0;0;19;19;7
2011;'11060202501; ;8;Subsecção;309;309;309;0;0;238;238;49
2011;'11060202502; ;8;Subsecção;29;28;28;0;1;21;21;4
2011;'11060202601; ;8;Subsecção;52;52;52;0;0;35;35;2
2011;'11060202602; ;8;Subsecção;120;120;120;0;0;84;84;20
2011;'11060202603; ;8;Subsecção;114;114;114;0;0;85;85;15
2011;'11060202701; ;8;Subsecção;185;185;185;0;0;113;113;31
2011;'11060202702; ;8;Subsecção;86;86;86;0;0;59;59;17
2011;'11060300101; ;8;Subsecção;23;23;23;0;0;18;18;4
2011;'11060300102; ;8;Subsecção;0;0;0;0;0;0;0;0
2011;'11060300103; ;8;Subsecção;52;52;51;1;0;43;44;3
2011;'11060300201; ;8;Subsecção;32;32;32;0;0;18;18;10
2011;'11060300202; ;8;Subsecção;170;170;170;0;0;120;120;36
2011;'11060300203; ;8;Subsecção;82;81;81;0;1;53;53;17
2011;'11060300204; ;8;Subsecção;193;189;189;0;4;121;121;42
2011;'11060300301; ;8;Subsecção;299;299;299;0;0;226;226;60
2011;'11060300401; ;8;Subsecção;107;107;107;0;0;94;94;4
2011;'11060300402; ;8;Subsecção;0;0;0;0;0;0;0;0
2011;'11060300403; ;8;Subsecção;268;268;268;0;0;198;198;28
2011;'11060300501; ;8;Subsecção;299;298;298;0;1;232;232;34
2011;'11060300601; ;8;Subsecção;425;425;425;0;0;288;288;62
2011;'11060300701; ;8;Subsecção;186;186;186;0;0;119;119;20
2011;'11060300702; ;8;Subsecção;72;72;72;0;0;53;53;10
2011;'11060300801; ;8;Subsecção;134;134;134;0;0;125;125;8
2011;'11060300802; ;8;Subsecção;74;74;74;0;0;69;69;2
2011;'11060300803; ;8;Subsecção;106;106;106;0;0;101;101;1
2011;'11060300804; ;8;Subsecção;108;108;108;0;0;105;105;1
2011;'11060300901; ;8;Subsecção;205;205;205;0;0;131;131;33
2011;'11060300902; ;8;Subsecção;1;0;0;0;1;0;0;0
2011;'11060300903; ;8;Subsecção;139;139;139;0;0;109;109;11
2011;'11060301001; ;8;Subsecção;243;243;243;0;0;145;145;67
2011;'11060301002; ;8;Subsecção;157;157;157;0;0;122;122;19
2011;'11060301101; ;8;Subsecção;98;98;98;0;0;63;63;21
2011;'11060301102; ;8;Subsecção;69;69;69;0;0;54;54;8
2011;'11060301103; ;8;Subsecção;133;133;133;0;0;99;99;17
2011;'11060301201; ;8;Subsecção;216;216;215;1;0;151;152;27
2011;'11060301202; ;8;Subsecção;159;158;158;0;1;114;114;14
2011;'11060301301; ;8;Subsecção;223;222;222;0;1;174;174;11
2011;'11060301401; ;8;Subsecção;0;0;0;0;0;0;0;0
2011;'11060301402; ;8;Subsecção;57;57;57;0;0;40;40;6
2011;'11060301403; ;8;Subsecção;214;214;214;0;0;149;149;40
2011;'11060301404; ;8;Subsecção;47;47;47;0;0;32;32;3
2011;'11060301501; ;8;Subsecção;50;50;50;0;0;35;35;10
2011;'11060301502; ;8;Subsecção;195;195;195;0;0;147;147;19
2011;'11060301503; ;8;Subsecção;89;89;89;0;0;73;73;10
2011;'11060301601; ;8;Subsecção;0;0;0;0;0;0;0;0
2011;'11060301602; ;8;Subsecção;216;216;216;0;0;166;166;15
2011;'11060301701; ;8;Subsecção;169;169;169;0;0;108;108;46
2011;'11060301702; ;8;Subsecção;120;120;120;0;0;92;92;18
2011;'11060301801; ;8;Subsecção;110;109;109;0;1;69;69;30
2011;'11060301802; ;8;Subsecção;99;99;99;0;0;79;79;15
2011;'11060301803; ;8;Subsecção;138;137;137;0;1;95;95;21
2011;'11060301901; ;8;Subsecção;129;129;129;0;0;104;104;13
2011;'11060301902; ;8;Subsecção;135;135;135;0;0;97;97;15
2011;'11060301903; ;8;Subsecção;76;76;76;0;0;50;50;13
2011;'11060301904; ;8;Subsecção;0;0;0;0;0;0;0;0
2011;'11060400101; ;8;Subsecção;454;454;454;0;0;378;378;35
2011;'11060400201; ;8;Subsecção;509;507;507;0;2;383;383;79
2011;'11060400301; ;8;Subsecção;62;62;62;0;0;51;51;8
2011;'11060400302; ;8;Subsecção;190;189;189;0;1;150;150;19
2011;'11060400401; ;8;Subsecção;189;186;186;0;3;139;139;37
2011;'11060400402; ;8;Subsecção;147;147;147;0;0;99;99;32
2011;'11060400501; ;8;Subsecção;68;68;68;0;0;55;55;7
2011;'11060400502; ;8;Subsecção;132;130;130;0;2;102;102;21
2011;'11060400503; ;8;Subsecção;23;23;23;0;0;16;16;4
2011;'11060400601; ;8;Subsecção;24;24;24;0;0;20;20;2
2011;'11060400602; ;8;Subsecção;83;83;83;0;0;69;69;5
2011;'11060400603; ;8;Subsecção;22;22;22;0;0;13;13;4
2011;'11060400604; ;8;Subsecção;143;143;143;0;0;120;120;13
2011;'11060400701; ;8;Subsecção;372;371;371;0;1;290;290;51
2011;'11060400801; ;8;Subsecção;386;386;386;0;0;276;276;38
2011;'11060400901; ;8;Subsecção;145;145;145;0;0;96;96;44
2011;'11060401001; ;8;Subsecção;314;312;312;0;2;247;247;17
2011;'11060401101; ;8;Subsecção;191;191;191;0;0;151;151;19
2011;'11060401102; ;8;Subsecção;121;121;121;0;0;101;101;7
2011;'11060401201; ;8;Subsecção;131;131;131;0;0;78;78;45
2011;'11060401202; ;8;Subsecção;150;150;150;0;0;112;112;18
2011;'11060401203; ;8;Subsecção;1;1;1;0;0;1;1;0
2011;'11060401301; ;8;Subsecção;143;143;143;0;0;112;112;22
2011;'11060401302; ;8;Subsecção;186;185;185;0;1;141;141;28
2011;'11060401401; ;8;Subsecção;37;37;37;0;0;31;31;5
2011;'11060401402; ;8;Subsecção;236;236;236;0;0;193;193;24
2011;'11060401501; ;8;Subsecção;222;221;221;0;1;171;171;22
2011;'11060401502; ;8;Subsecção;140;139;139;0;1;100;100;11
2011;'11060401601; ;8;Subsecção;59;59;59;0;0;52;52;5
2011;'11060401602; ;8;Subsecção;63;63;63;0;0;46;46;14
2011;'11060401603; ;8;Subsecção;61;61;61;0;0;46;46;13
2011;'11060401604; ;8;Subsecção;59;59;59;0;0;53;53;3
2011;'11060401701; ;8;Subsecção;280;280;280;0;0;193;193;47
2011;'11060401702; ;8;Subsecção;52;52;52;0;0;31;31;9
2011;'11060500101; ;8;Subsecção;0;0;0;0;0;0;0;0
2011;'11060500102; ;8;Subsecção;0;0;0;0;0;0;0;0
2011;'11060500103; ;8;Subsecção;71;71;71;0;0;57;57;12
2011;'11060500104; ;8;Subsecção;0;0;0;0;0;0;0;0
2011;'11060500105; ;8;Subsecção;61;61;61;0;0;51;51;7
2011;'11060500106; ;8;Subsecção;69;69;69;0;0;60;60;5
2011;'11060500107; ;8;Subsecção;28;28;28;0;0;25;25;2
2011;'11060500108; ;8;Subsecção;26;26;26;0;0;22;22;4
2011;'11060500201; ;8;Subsecção;75;75;75;0;0;58;58;13
2011;'11060500202; ;8;Subsecção;57;57;57;0;0;42;42;9
2011;'11060500301; ;8;Subsecção;47;47;47;0;0;41;41;4
2011;'11060500401; ;8;Subsecção;66;66;66;0;0;39;39;25
2011;'11060500402; ;8;Subsecção;104;104;103;1;0;82;83;17
2011;'11060500403; ;8;Subsecção;55;55;55;0;0;46;46;6
2011;'11060500501; ;8;Subsecção;170;170;170;0;0;133;133;32
2011;'11060500502; ;8;Subsecção;46;46;46;0;0;41;41;1
2011;'11060500503; ;8;Subsecção;48;48;48;0;0;43;43;1
2011;'11060500504; ;8;Subsecção;59;59;59;0;0;54;54;4
2011;'11060500505; ;8;Subsecção;60;60;60;0;0;53;53;7
2011;'11060500601; ;8;Subsecção;114;114;114;0;0;92;92;10
2011;'11060500602; ;8;Subsecção;114;114;114;0;0;98;98;12
2011;'11060500603; ;8;Subsecção;11;11;11;0;0;9;9;2
2011;'11060500604; ;8;Subsecção;23;23;23;0;0;18;18;2
2011;'11060500701; ;8;Subsecção;71;71;71;0;0;62;62;2
2011;'11060500702; ;8;Subsecção;126;125;125;0;1;106;106;9
2011;'11060500703; ;8;Subsecção;58;58;58;0;0;47;47;4
2011;'11060500801; ;8;Subsecção;146;145;145;0;1;127;127;11
2011;'11060500802; ;8;Subsecção;17;17;17;0;0;16;16;0
2011;'11060500803; ;8;Subsecção;148;148;148;0;0;130;130;12
2011;'11060500901; ;8;Subsecção;19;19;19;0;0;15;15;1
2011;'11060500902; ;8;Subsecção;66;66;66;0;0;53;53;11
2011;'11060500903; ;8;Subsecção;13;13;13;0;0;10;10;1
2011;'11060500904; ;8;Subsecção;0;0;0;0;0;0;0;0
2011;'11060501001; ;8;Subsecção;45;45;45;0;0;42;42;2
2011;'11060501002; ;8;Subsecção;26;26;26;0;0;19;19;7
2011;'11060501003; ;8;Subsecção;39;37;37;0;2;35;35;0
2011;'11060501004; ;8;Subsecção;54;54;54;0;0;42;42;11
2011;'11060501005; ;8;Subsecção;51;51;51;0;0;34;34;11
2011;'11060501006; ;8;Subsecção;12;12;12;0;0;8;8;2
2011;'11060501007; ;8;Subsecção;30;30;30;0;0;20;20;6
2011;'11060501008; ;8;Subsecção;25;25;25;0;0;13;13;5
2011;'11060501101; ;8;Subsecção;53;53;53;0;0;47;47;1
2011;'11060501102; ;8;Subsecção;74;74;74;0;0;71;71;3
2011;'11060501103; ;8;Subsecção;8;8;8;0;0;5;5;3
2011;'11060501104; ;8;Subsecção;61;61;61;0;0;57;57;2
2011;'11060501105; ;8;Subsecção;48;48;48;0;0;43;43;3
2011;'11060501201; ;8;Subsecção;75;75;75;0;0;63;63;3
2011;'11060501202; ;8;Subsecção;16;16;16;0;0;14;14;1
2011;'11060501203; ;8;Subsecção;160;160;160;0;0;119;119;36
2011;'11060501204; ;8;Subsecção;73;73;73;0;0;52;52;9
2011;'11060501205; ;8;Subsecção;31;31;31;0;0;28;28;1
2011;'11060501301; ;8;Subsecção;115;115;115;0;0;80;80;17
2011;'11060501302; ;8;Subsecção;77;77;77;0;0;59;59;13
2011;'11060501303; ;8;Subsecção;24;24;24;0;0;22;22;2
2011;'11060501304; ;8;Subsecção;44;44;44;0;0;10;10;33
2011;'11060501305; ;8;Subsecção;10;10;10;0;0;7;7;2
2011;'11060501401; ;8;Subsecção;6;6;6;0;0;5;5;0
2011;'11060501402; ;8;Subsecção;14;14;14;0;0;14;14;0
2011;'11060501403; ;8;Subsecção;5;5;5;0;0;4;4;0
2011;'11060501404; ;8;Subsecção;283;283;283;0;0;183;183;14
2011;'11060501501; ;8;Subsecção;41;41;38;3;0;32;35;4
2011;'11060501502; ;8;Subsecção;18;18;18;0;0;16;16;2
2011;'11060501503; ;8;Subsecção;36;36;35;1;0;33;34;0
2011;'11060501504; ;8;Subsecção;206;206;206;0;0;87;87;111
2011;'11060501505; ;8;Subsecção;116;116;116;0;0;97;97;6
2011;'11060501506; ;8;Subsecção;7;7;7;0;0;7;7;0
2011;'11060501601; ;8;Subsecção;9;9;9;0;0;8;8;0
2011;'11060501602; ;8;Subsecção;87;87;87;0;0;71;71;9
2011;'11060501603; ;8;Subsecção;83;83;83;0;0;65;65;9
2011;'11060501604; ;8;Subsecção;83;83;83;0;0;60;60;16
2011;'11060501605; ;8;Subsecção;118;118;118;0;0;79;79;25
2011;'11060501701; ;8;Subsecção;152;152;152;0;0;123;123;11
2011;'11060501702; ;8;Subsecção;204;204;204;0;0;131;131;46
2011;'11060501801; ;8;Subsecção;61;61;61;0;0;40;40;16
2011;'11060501802; ;8;Subsecção;73;73;73;0;0;58;58;12
2011;'11060501803; ;8;Subsecção;112;112;112;0;0;86;86;16
2011;'11060501804; ;8;Subsecção;57;57;57;0;0;46;46;9
2011;'11060501901; ;8;Subsecção;329;328;326;2;1;244;246;73
2011;'11060502001; ;8;Subsecção;119;119;119;0;0;81;81;35
2011;'11060502002; ;8;Subsecção;0;0;0;0;0;0;0;0
2011;'11060502003; ;8;Subsecção;180;180;179;1;0;119;120;49
2011;'11060502101; ;8;Subsecção;285;285;285;0;0;182;182;51
2011;'11060502102; ;8;Subsecção;14;14;14;0;0;8;8;5
2011;'11060502201; ;8;Subsecção;112;112;112;0;0;92;92;4
2011;'11060502202; ;8;Subsecção;311;311;311;0;0;222;222;54
2011;'11060600101; ;8;Subsecção;184;184;184;0;0;131;131;25
2011;'11060600102; ;8;Subsecção;112;112;112;0;0;79;79;19
2011;'11060600201; ;8;Subsecção;149;149;149;0;0;96;96;35
2011;'11060600202; ;8;Subsecção;155;155;155;0;0;118;118;23
2011;'11060600301; ;8;Subsecção;202;199;199;0;3;149;149;29
2011;'11060600302; ;8;Subsecção;130;130;130;0;0;88;88;29
2011;'11060600303; ;8;Subsecção;21;21;21;0;0;11;11;8
2011;'11060600401; ;8;Subsecção;230;228;227;1;2;175;176;40
2011;'11060600501; ;8;Subsecção;260;259;257;2;1;148;150;64
2011;'11060600601; ;8;Subsecção;132;130;130;0;2;86;86;37
2011;'11060600602; ;8;Subsecção;75;75;75;0;0;55;55;14
2011;'11060600603; ;8;Subsecção;19;19;19;0;0;8;8;10
2011;'11060600604; ;8;Subsecção;17;17;17;0;0;14;14;3
2011;'11060600605; ;8;Subsecção;20;20;20;0;0;11;11;8
2011;'11060600701; ;8;Subsecção;90;89;89;0;1;67;67;5
2011;'11060600702; ;8;Subsecção;141;138;138;0;3;85;85;39
2011;'11060600703; ;8;Subsecção;33;31;31;0;2;18;18;10
2011;'11060600704; ;8;Subsecção;90;89;89;0;1;60;60;27
2011;'11060600801; ;8;Subsecção;114;113;113;0;1;65;65;32
2011;'11060600802; ;8;Subsecção;214;214;214;0;0;144;144;49
2011;'11060600803; ;8;Subsecção;0;0;0;0;0;0;0;0
2011;'11060600901; ;8;Subsecção;29;29;29;0;0;22;22;2
2011;'11060600902; ;8;Subsecção;132;132;132;0;0;100;100;17
2011;'11060600903; ;8;Subsecção;186;186;186;0;0;149;149;30
2011;'11060601001; ;8;Subsecção;146;146;146;0;0;118;118;22
2011;'11060601002; ;8;Subsecção;179;178;178;0;1;128;128;35
2011;'11060601101; ;8;Subsecção;245;245;245;0;0;191;191;44
2011;'11060601201; ;8;Subsecção;107;104;104;0;3;65;65;29
2011;'11060601202; ;8;Subsecção;226;224;224;0;2;154;154;38
2011;'11060601301; ;8;Subsecção;60;58;58;0;2;41;41;9
2011;'11060601302; ;8;Subsecção;175;173;172;1;2;114;115;46
2011;'11060601303; ;8;Subsecção;107;106;106;0;1;62;62;34
2011;'11060601401; ;8;Subsecção;96;96;96;0;0;73;73;18
2011;'11060601402; ;8;Subsecção;206;205;205;0;1;127;127;36
2011;'11060601403; ;8;Subsecção;50;49;49;0;1;36;36;11
2011;'11060601501; ;8;Subsecção;414;413;412;1;1;276;277;90
2011;'11060601502; ;8;Subsecção;13;13;13;0;0;9;9;4
2011;'11060601601; ;8;Subsecção;216;216;216;0;0;141;141;48
2011;'11060601602; ;8;Subsecção;19;18;18;0;1;4;4;11
2011;'11060601603; ;8;Subsecção;136;136;136;0;0;82;82;33
2011;'11060601604; ;8;Subsecção;13;13;13;0;0;5;5;8
2011;'11060601701; ;8;Subsecção;397;394;394;0;3;289;289;79
2011;'11060601801; ;8;Subsecção;112;112;112;0;0;79;79;24
2011;'11060601802; ;8;Subsecção;70;70;70;0;0;62;62;6
2011;'11060601803; ;8;Subsecção;45;45;45;0;0;32;32;10
2011;'11060601804; ;8;Subsecção;26;26;26;0;0;20;20;5
2011;'11060601901; ;8;Subsecção;99;99;99;0;0;52;52;25
2011;'11060601902; ;8;Subsecção;174;174;174;0;0;125;125;31
2011;'11060700101; ;8;Subsecção;1;1;1;0;0;0;0;1
2011;'11060700102; ;8;Subsecção;270;270;270;0;0;198;198;39
2011;'11060700103; ;8;Subsecção;0;0;0;0;0;0;0;0
2011;'11060700104; ;8;Subsecção;77;77;77;0;0;60;60;3
2011;'11060700201; ;8;Subsecção;385;385;385;0;0;285;285;22
2011;'11060700301; ;8;Subsecção;161;161;161;0;0;107;107;22
2011;'11060700302; ;8;Subsecção;263;263;263;0;0;209;209;17
2011;'11060700401; ;8;Subsecção;40;40;40;0;0;26;26;12
2011;'11060700402; ;8;Subsecção;20;20;20;0;0;15;15;3
2011;'11060700403; ;8;Subsecção;102;102;102;0;0;64;64;27
2011;'11060700404; ;8;Subsecção;64;64;63;1;0;48;49;15
2011;'11060700405; ;8;Subsecção;29;29;28;1;0;23;24;1
2011;'11060700501; ;8;Subsecção;227;227;227;0;0;193;193;17
2011;'11060700502; ;8;Subsecção;109;109;109;0;0;93;93;10
2011;'11060700601; ;8;Subsecção;24;24;24;0;0;24;24;0
2011;'11060700602; ;8;Subsecção;62;62;62;0;0;53;53;7
2011;'11060700603; ;8;Subsecção;100;100;100;0;0;96;96;2
2011;'11060700604; ;8;Subsecção;24;24;24;0;0;23;23;0
2011;'11060700701; ;8;Subsecção;127;127;127;0;0;96;96;23
2011;'11060700702; ;8;Subsecção;68;68;68;0;0;42;42;18
2011;'11060700703; ;8;Subsecção;99;99;99;0;0;68;68;29
2011;'11060700704; ;8;Subsecção;92;92;92;0;0;77;77;13
2011;'11060700801; ;8;Subsecção;84;84;84;0;0;52;52;27
2011;'11060700802; ;8;Subsecção;203;203;203;0;0;134;134;59
2011;'11060700803; ;8;Subsecção;18;18;18;0;0;9;9;8
2011;'11060700901; ;8;Subsecção;217;217;217;0;0;121;121;57
2011;'11060700902; ;8;Subsecção;152;152;152;0;0;99;99;49
2011;'11060701001; ;8;Subsecção;187;187;187;0;0;109;109;29
2011;'11060701002; ;8;Subsecção;112;112;112;0;0;87;87;9
2011;'11060701101; ;8;Subsecção;76;76;76;0;0;60;60;11
2011;'11060701102; ;8;Subsecção;81;81;81;0;0;70;70;3
2011;'11060701103; ;8;Subsecção;136;136;136;0;0;86;86;33
2011;'11060701104; ;8;Subsecção;64;64;64;0;0;39;39;12
2011;'11060701201; ;8;Subsecção;304;304;303;1;0;232;233;54
2011;'11060701301; ;8;Subsecção;92;92;92;0;0;76;76;14
2011;'11060701302; ;8;Subsecção;18;18;18;0;0;17;17;1
2011;'11060701303; ;8;Subsecção;42;42;42;0;0;34;34;6
2011;'11060701304; ;8;Subsecção;127;127;127;0;0;94;94;23
2011;'11060701401; ;8;Subsecção;63;63;63;0;0;59;59;2
2011;'11060701402; ;8;Subsecção;126;126;126;0;0;114;114;8
2011;'11060701403; ;8;Subsecção;26;26;26;0;0;17;17;8
2011;'11060701404; ;8;Subsecção;34;34;34;0;0;23;23;7
2011;'11060701405; ;8;Subsecção;12;12;12;0;0;12;12;0
2011;'11060701406; ;8;Subsecção;12;12;12;0;0;9;9;2
2011;'11060701407; ;8;Subsecção;18;18;18;0;0;14;14;4
2011;'11060701408; ;8;Subsecção;16;16;16;0;0;14;14;2
2011;'11060701501; ;8;Subsecção;352;352;351;1;0;230;231;50
2011;'11060701502; ;8;Subsecção;136;136;135;1;0;107;108;25
2011;'11060701601; ;8;Subsecção;95;95;95;0;0;42;42;43
2011;'11060701602; ;8;Subsecção;43;43;43;0;0;26;26;13
2011;'11060701603; ;8;Subsecção;121;120;120;0;1;91;91;20
2011;'11060701604; ;8;Subsecção;22;22;22;0;0;16;16;3
2011;'11060701605; ;8;Subsecção;78;78;78;0;0;42;42;33
2011;'11060701701; ;8;Subsecção;10;10;10;0;0;6;6;3
2011;'11060701702; ;8;Subsecção;128;128;128;0;0;95;95;11
2011;'11060701703; ;8;Subsecção;30;30;30;0;0;22;22;6
2011;'11060701704; ;8;Subsecção;59;59;59;0;0;44;44;5
2011;'11060701705; ;8;Subsecção;6;6;6;0;0;2;2;3
2011;'11060701706; ;8;Subsecção;50;50;50;0;0;36;36;3
2011;'11060701801; ;8;Subsecção;10;10;10;0;0;7;7;3
2011;'11060701802; ;8;Subsecção;120;118;118;0;2;77;77;37
2011;'11060701803; ;8;Subsecção;73;73;73;0;0;31;31;37
2011;'11060701804; ;8;Subsecção;83;83;83;0;0;41;41;41
2011;'11060701901; ;8;Subsecção;0;0;0;0;0;0;0;0
2011;'11060701902; ;8;Subsecção;235;235;235;0;0;181;181;41
2011;'11060701903; ;8;Subsecção;44;43;43;0;1;32;32;9
2011;'11060701904; ;8;Subsecção;4;4;4;0;0;3;3;1
2011;'11060702001; ;8;Subsecção;32;32;32;0;0;22;22;6
2011;'11060702002; ;8;Subsecção;27;27;27;0;0;24;24;2
2011;'11060702003; ;8;Subsecção;23;23;23;0;0;18;18;4
2011;'11060702004; ;8;Subsecção;15;15;15;0;0;12;12;3
2011;'11060702005; ;8;Subsecção;23;23;23;0;0;13;13;5
2011;'11060702006; ;8;Subsecção;25;25;25;0;0;21;21;2
2011;'11060702007; ;8;Subsecção;28;28;28;0;0;25;25;1
2011;'11060702008; ;8;Subsecção;47;47;47;0;0;32;32;10
2011;'11060702009; ;8;Subsecção;41;41;41;0;0;32;32;7
2011;'11060702101; ;8;Subsecção;44;44;44;0;0;31;31;12
2011;'11060702102; ;8;Subsecção;19;19;19;0;0;16;16;2
2011;'11060702103; ;8;Subsecção;46;46;46;0;0;35;35;9
2011;'11060702104; ;8;Subsecção;80;80;80;0;0;62;62;12
2011;'11060702105; ;8;Subsecção;139;139;139;0;0;119;119;14
2011;'11060702201; ;8;Subsecção;49;49;49;0;0;42;42;3
2011;'11060702202; ;8;Subsecção;121;121;121;0;0;95;95;14
2011;'11060702203; ;8;Subsecção;54;54;54;0;0;43;43;6
2011;'11060702301; ;8;Subsecção;159;159;159;0;0;113;113;18
2011;'11060702302; ;8;Subsecção;45;45;45;0;0;33;33;5
2011;'11060702303; ;8;Subsecção;43;43;43;0;0;34;34;8
2011;'11060702401; ;8;Subsecção;120;120;120;0;0;75;75;21
2011;'11060702402; ;8;Subsecção;24;24;24;0;0;9;9;13
2011;'11060702403; ;8;Subsecção;68;68;68;0;0;47;47;14
2011;'11060702404; ;8;Subsecção;49;49;49;0;0;39;39;7
2011;'11060702405; ;8;Subsecção;56;56;56;0;0;37;37;7
2011;'11060800101; ;8;Subsecção;0;0;0;0;0;0;0;0
2011;'11060800102; ;8;Subsecção;97;97;97;0;0;76;76;16
2011;'11060800103; ;8;Subsecção;59;59;59;0;0;39;39;15
2011;'11060800104; ;8;Subsecção;57;57;57;0;0;39;39;13
2011;'11060800201; ;8;Subsecção;16;16;16;0;0;16;16;0
2011;'11060800202; ;8;Subsecção;210;210;210;0;0;164;164;18
2011;'11060800203; ;8;Subsecção;40;40;40;0;0;29;29;5
2011;'11060800301; ;8;Subsecção;361;360;360;0;1;287;287;46
2011;'11060800401; ;8;Subsecção;103;103;103;0;0;86;86;5
2011;'11060800402; ;8;Subsecção;122;121;121;0;1;93;93;6
2011;'11060800501; ;8;Subsecção;484;484;484;0;0;363;363;81
2011;'11060800601; ;8;Subsecção;149;149;149;0;0;117;117;21
2011;'11060800602; ;8;Subsecção;120;120;120;0;0;98;98;6
2011;'11060800701; ;8;Subsecção;249;249;247;2;0;178;180;12
2011;'11060800801; ;8;Subsecção;334;334;334;0;0;267;267;54
2011;'11060800901; ;8;Subsecção;427;427;427;0;0;340;340;46
2011;'11060801001; ;8;Subsecção;169;169;169;0;0;142;142;11
2011;'11060801002; ;8;Subsecção;79;79;79;0;0;57;57;13
2011;'11060801101; ;8;Subsecção;329;329;329;0;0;255;255;41
2011;'11060801102; ;8;Subsecção;128;128;128;0;0;85;85;43
2011;'11060801201; ;8;Subsecção;183;183;183;0;0;152;152;17
2011;'11060801202; ;8;Subsecção;122;122;122;0;0;89;89;12
2011;'11060801301; ;8;Subsecção;355;355;355;0;0;263;263;38
2011;'11060801401; ;8;Subsecção;2;2;2;0;0;2;2;0
2011;'11060801402; ;8;Subsecção;54;54;54;0;0;42;42;2
2011;'11060801403; ;8;Subsecção;193;193;193;0;0;142;142;16
2011;'11060801404; ;8;Subsecção;58;58;58;0;0;38;38;6
2011;'11060801501; ;8;Subsecção;111;111;111;0;0;84;84;14
2011;'11060801502; ;8;Subsecção;54;54;54;0;0;48;48;2
2011;'11060801503; ;8;Subsecção;41;41;41;0;0;33;33;4
2011;'11060801601; ;8;Subsecção;300;300;300;0;0;221;221;0
2011;'11060801701; ;8;Subsecção;357;357;356;1;0;297;298;39
2011;'11060801801; ;8;Subsecção;0;0;0;0;0;0;0;0
2011;'11060801802; ;8;Subsecção;228;228;228;0;0;191;191;8
2011;'11060801803; ;8;Subsecção;202;202;202;0;0;153;153;5
2011;'11060801901; ;8;Subsecção;124;124;124;0;0;103;103;7
2011;'11060801902; ;8;Subsecção;144;144;144;0;0;116;116;13
2011;'11060802001; ;8;Subsecção;272;272;272;0;0;211;211;41
2011;'11060802101; ;8;Subsecção;232;232;232;0;0;193;193;20
2011;'11060802102; ;8;Subsecção;228;228;228;0;0;185;185;16
2011;'11060802201; ;8;Subsecção;316;316;316;0;0;247;247;30
2011;'11060802301; ;8;Subsecção;75;75;75;0;0;64;64;1
2011;'11060802302; ;8;Subsecção;203;203;203;0;0;162;162;10
2011;'11060802401; ;8;Subsecção;256;256;255;1;0;196;197;38
2011;'11060802402; ;8;Subsecção;72;72;72;0;0;52;52;11
2011;'11060802501; ;8;Subsecção;214;214;214;0;0;177;177;21
2011;'11060802502; ;8;Subsecção;46;45;45;0;1;36;36;4
2011;'11060802503; ;8;Subsecção;38;36;36;0;2;21;21;7
2011;'11060802504; ;8;Subsecção;16;16;16;0;0;9;9;6
2011;'11060802601; ;8;Subsecção;354;354;354;0;0;280;280;18
2011;'11060802701; ;8;Subsecção;351;351;351;0;0;247;247;50
2011;'11060802801; ;8;Subsecção;345;345;345;0;0;277;277;28
2011;'11060802901; ;8;Subsecção;261;261;261;0;0;190;190;57
2011;'11060802902; ;8;Subsecção;31;31;31;0;0;28;28;2
2011;'11060802903; ;8;Subsecção;38;38;38;0;0;26;26;11
2011;'11060803001; ;8;Subsecção;404;404;404;0;0;316;316;43
2011;'11060803101; ;8;Subsecção;300;300;300;0;0;224;224;70
2011;'11060803201; ;8;Subsecção;185;185;185;0;0;150;150;15
2011;'11060803202; ;8;Subsecção;136;136;136;0;0;107;107;21
2011;'11060803301; ;8;Subsecção;293;293;293;0;0;216;216;14
2011;'11060803401; ;8;Subsecção;166;166;166;0;0;131;131;20
2011;'11060803402; ;8;Subsecção;269;269;269;0;0;185;185;37
2011;'11060803501; ;8;Subsecção;370;370;370;0;0;302;302;34
2011;'11060803601; ;8;Subsecção;236;236;236;0;0;168;168;40
2011;'11060803602; ;8;Subsecção;127;127;127;0;0;91;91;32
2011;'11060803701; ;8;Subsecção;211;211;211;0;0;163;163;9
2011;'11060803702; ;8;Subsecção;188;188;188;0;0;145;145;6
2011;'11060803801; ;8;Subsecção;205;205;205;0;0;152;152;46
2011;'11060803802; ;8;Subsecção;170;170;170;0;0;133;133;32
2011;'11060803901; ;8;Subsecção;90;90;90;0;0;71;71;7
2011;'11060803902; ;8;Subsecção;79;79;79;0;0;64;64;7
2011;'11060803903; ;8;Subsecção;76;76;76;0;0;60;60;6
2011;'11060803904; ;8;Subsecção;15;15;15;0;0;11;11;4
2011;'11060803905; ;8;Subsecção;25;25;25;0;0;19;19;5
2011;'11060803906; ;8;Subsecção;26;26;26;0;0;22;22;2
2011;'11060804001; ;8;Subsecção;141;141;141;0;0;120;120;2
2011;'11060804002; ;8;Subsecção;57;57;57;0;0;51;51;0
2011;'11060804003; ;8;Subsecção;109;109;109;0;0;82;82;3
2011;'11060804101; ;8;Subsecção;580;580;580;0;0;447;447;91
2011;'11060804201; ;8;Subsecção;311;311;311;0;0;229;229;1
2011;'11060804301; ;8;Subsecção;305;305;305;0;0;236;236;19
2011;'11060804401; ;8;Subsecção;398;398;397;1;0;316;317;47
2011;'11060804501; ;8;Subsecção;1;1;1;0;0;1;1;0
2011;'11060804502; ;8;Subsecção;40;40;40;0;0;34;34;6
2011;'11060804503; ;8;Subsecção;24;24;24;0;0;20;20;3
2011;'11060804504; ;8;Subsecção;28;28;28;0;0;17;17;10
2011;'11060804505; ;8;Subsecção;158;158;158;0;0;134;134;19
2011;'11060804601; ;8;Subsecção;293;293;293;0;0;203;203;51
2011;'11060804701; ;8;Subsecção;242;242;242;0;0;203;203;23
2011;'11060804702; ;8;Subsecção;15;15;15;0;0;10;10;3
2011;'11060804703; ;8;Subsecção;24;24;24;0;0;21;21;2
2011;'11060804801; ;8;Subsecção;75;75;75;0;0;58;58;9
2011;'11060804802; ;8;Subsecção;0;0;0;0;0;0;0;0
2011;'11060804803; ;8;Subsecção;124;124;124;0;0;82;82;21
2011;'11060804901; ;8;Subsecção;57;57;57;0;0;41;41;13
2011;'11060804902; ;8;Subsecção;21;21;21;0;0;17;17;3
2011;'11060804903; ;8;Subsecção;30;30;30;0;0;23;23;5
2011;'11060804904; ;8;Subsecção;113;112;112;0;1;88;88;18
2011;'11060804905; ;8;Subsecção;20;20;20;0;0;15;15;5
2011;'11060804906; ;8;Subsecção;23;23;23;0;0;19;19;3
2011;'11060804907; ;8;Subsecção;14;14;14;0;0;12;12;1
2011;'11060805001; ;8;Subsecção;112;112;112;0;0;85;85;20
2011;'11060805002; ;8;Subsecção;150;150;150;0;0;99;99;19
2011;'11060805101; ;8;Subsecção;162;161;161;0;1;130;130;22
2011;'11060805102; ;8;Subsecção;100;100;100;0;0;74;74;21
2011;'11060805201; ;8;Subsecção;31;31;31;0;0;23;23;4
2011;'11060805202; ;8;Subsecção;21;21;21;0;0;15;15;5
2011;'11060805203; ;8;Subsecção;40;40;40;0;0;33;33;4
2011;'11060805204; ;8;Subsecção;19;18;18;0;1;13;13;2
2011;'11060805205; ;8;Subsecção;36;36;36;0;0;33;33;2
2011;'11060805206; ;8;Subsecção;37;36;36;0;1;5;5;30
2011;'11060805207; ;8;Subsecção;16;16;16;0;0;12;12;1
2011;'11060805208; ;8;Subsecção;20;20;20;0;0;14;14;5
2011;'11060805209; ;8;Subsecção;33;33;33;0;0;24;24;5
2011;'11060805210; ;8;Subsecção;36;36;36;0;0;28;28;6
2011;'11060805301; ;8;Subsecção;468;468;468;0;0;358;358;32
2011;'11060805401; ;8;Subsecção;20;20;20;0;0;15;15;4
2011;'11060805402; ;8;Subsecção;26;26;26;0;0;16;16;8
2011;'11060805403; ;8;Subsecção;30;30;30;0;0;21;21;9
2011;'11060805404; ;8;Subsecção;20;20;20;0;0;14;14;6
2011;'11060805405; ;8;Subsecção;17;17;17;0;0;14;14;3
2011;'11060805406; ;8;Subsecção;7;7;7;0;0;4;4;3
2011;'11060805407; ;8;Subsecção;18;18;18;0;0;17;17;1
2011;'11060805408; ;8;Subsecção;31;31;31;0;0;27;27;4
2011;'11060805409; ;8;Subsecção;186;186;186;0;0;151;151;22
2011;'11060805501; ;8;Subsecção;143;143;143;0;0;119;119;14
2011;'11060805502; ;8;Subsecção;83;83;83;0;0;51;51;29
2011;'11060805503; ;8;Subsecção;1;1;1;0;0;1;1;0
2011;'11060805504; ;8;Subsecção;61;61;61;0;0;59;59;0
2011;'11060805505; ;8;Subsecção;50;50;50;0;0;33;33;10
2011;'11060805601; ;8;Subsecção;88;88;88;0;0;63;63;7
2011;'11060805602; ;8;Subsecção;311;311;311;0;0;231;231;39
2011;'11060805701; ;8;Subsecção;210;210;210;0;0;177;177;24
2011;'11060805702; ;8;Subsecção;4;3;3;0;1;2;2;0
2011;'11060805703; ;8;Subsecção;44;43;43;0;1;37;37;5
2011;'11060805801; ;8;Subsecção;126;126;126;0;0;106;106;10
2011;'11060805802; ;8;Subsecção;69;69;69;0;0;47;47;6
2011;'11060805901; ;8;Subsecção;165;165;165;0;0;74;74;86
2011;'11060805902; ;8;Subsecção;1;1;1;0;0;0;0;0
2011;'11060805903; ;8;Subsecção;48;48;48;0;0;43;43;1
2011;'11060805904; ;8;Subsecção;24;24;24;0;0;23;23;1
2011;'11060805905; ;8;Subsecção;62;62;62;0;0;53;53;4
2011;'11060805906; ;8;Subsecção;1;0;0;0;1;0;0;0
2011;'11060806001; ;8;Subsecção;135;134;133;1;1;62;63;66
2011;'11060806002; ;8;Subsecção;103;103;103;0;0;82;82;5
2011;'11060806003; ;8;Subsecção;14;13;13;0;1;1;1;12
2011;'11060806004; ;8;Subsecção;28;28;28;0;0;14;14;9
2011;'11060806005; ;8;Subsecção;63;63;63;0;0;56;56;6
2011;'11060806101; ;8;Subsecção;5;4;4;0;1;4;4;0
2011;'11060806102; ;8;Subsecção;27;27;27;0;0;27;27;0
2011;'11060806103; ;8;Subsecção;0;0;0;0;0;0;0;0
2011;'11060806104; ;8;Subsecção;37;37;37;0;0;35;35;1
2011;'11060806105; ;8;Subsecção;27;27;27;0;0;27;27;0
2011;'11060806106; ;8;Subsecção;18;18;18;0;0;17;17;1
2011;'11060806201; ;8;Subsecção;155;155;155;0;0;144;144;11
2011;'11060806202; ;8;Subsecção;98;98;98;0;0;86;86;11
2011;'11060806203; ;8;Subsecção;219;219;218;1;0;190;191;27
2011;'11060806301; ;8;Subsecção;1;1;1;0;0;1;1;0
2011;'11060806302; ;8;Subsecção;12;11;11;0;1;11;11;0
2011;'11060806303; ;8;Subsecção;18;18;18;0;0;16;16;2
2011;'11060806304; ;8;Subsecção;20;20;20;0;0;18;18;1
2011;'11060806305; ;8;Subsecção;9;9;9;0;0;9;9;0
2011;'11060806306; ;8;Subsecção;20;20;20;0;0;19;19;1
2011;'11060806307; ;8;Subsecção;19;19;19;0;0;17;17;2
2011;'11060806308; ;8;Subsecção;0;0;0;0;0;0;0;0
2011;'11060806309; ;8;Subsecção;50;50;50;0;0;47;47;3
2011;'11060806310; ;8;Subsecção;19;19;19;0;0;17;17;2
2011;'11060806311; ;8;Subsecção;8;8;8;0;0;5;5;1
2011;'11060806312; ;8;Subsecção;2;2;2;0;0;2;2;0
2011;'11060806401; ;8;Subsecção;72;72;72;0;0;67;67;0
2011;'11060806402; ;8;Subsecção;218;218;218;0;0;202;202;9
2011;'11060806501; ;8;Subsecção;170;170;170;0;0;166;166;4
2011;'11060806502; ;8;Subsecção;40;40;40;0;0;40;40;0
2011;'11060806503; ;8;Subsecção;40;40;40;0;0;37;37;3
2011;'11060806601; ;8;Subsecção;20;20;20;0;0;19;19;0
2011;'11060806602; ;8;Subsecção;20;20;20;0;0;19;19;1
2011;'11060806603; ;8;Subsecção;20;20;20;0;0;17;17;1
2011;'11060806604; ;8;Subsecção;20;20;20;0;0;14;14;3
2011;'11060806605; ;8;Subsecção;83;82;82;0;1;74;74;7
2011;'11060806606; ;8;Subsecção;40;40;40;0;0;33;33;4
2011;'11060806607; ;8;Subsecção;40;40;40;0;0;36;36;4
2011;'11060806608; ;8;Subsecção;21;21;21;0;0;18;18;1
2011;'11060900101; ;8;Subsecção;89;85;85;0;4;39;39;25
2011;'11060900102; ;8;Subsecção;60;58;58;0;2;46;46;4
2011;'11060900103; ;8;Subsecção;0;0;0;0;0;0;0;0
2011;'11060900104; ;8;Subsecção;8;8;8;0;0;6;6;2
2011;'11060900105; ;8;Subsecção;13;13;13;0;0;6;6;1
2011;'11060900106; ;8;Subsecção;8;8;8;0;0;6;6;2
2011;'11060900107; ;8;Subsecção;0;0;0;0;0;0;0;0
2011;'11060900108; ;8;Subsecção;0;0;0;0;0;0;0;0
2011;'11060900109; ;8;Subsecção;94;94;94;0;0;61;61;13
2011;'11060900201; ;8;Subsecção;4;4;4;0;0;4;4;0
2011;'11060900202; ;8;Subsecção;516;516;516;0;0;339;339;93
2011;'11060900203; ;8;Subsecção;191;191;191;0;0;132;132;13
2011;'11060900301; ;8;Subsecção;266;266;266;0;0;212;212;34
2011;'11060900401; ;8;Subsecção;239;239;239;0;0;214;214;12
2011;'11060900402; ;8;Subsecção;41;40;40;0;1;31;31;4
2011;'11060900403; ;8;Subsecção;14;14;14;0;0;13;13;1
2011;'11060900501; ;8;Subsecção;353;353;353;0;0;256;256;54
2011;'11060900601; ;8;Subsecção;240;240;240;0;0;221;221;7
2011;'11060900602; ;8;Subsecção;0;0;0;0;0;0;0;0
2011;'11060900603; ;8;Subsecção;170;170;170;0;0;124;124;20
2011;'11060900701; ;8;Subsecção;479;477;477;0;2;350;350;6
2011;'11060900801; ;8;Subsecção;48;48;48;0;0;35;35;10
2011;'11060900802; ;8;Subsecção;116;116;116;0;0;97;97;8
2011;'11060900803; ;8;Subsecção;26;26;26;0;0;18;18;4
2011;'11060900804; ;8;Subsecção;138;136;136;0;2;102;102;26
2011;'11060900901; ;8;Subsecção;445;445;445;0;0;331;331;53
2011;'11060901001; ;8;Subsecção;0;0;0;0;0;0;0;0
2011;'11060901002; ;8;Subsecção;45;45;45;0;0;29;29;8
2011;'11060901003; ;8;Subsecção;155;155;155;0;0;120;120;10
2011;'11060901101; ;8;Subsecção;209;209;209;0;0;152;152;33
2011;'11060901102; ;8;Subsecção;59;59;59;0;0;44;44;12
2011;'11060901201; ;8;Subsecção;21;21;21;0;0;14;14;5
2011;'11060901202; ;8;Subsecção;2;0;0;0;2;0;0;0
2011;'11060901203; ;8;Subsecção;145;145;145;0;0;112;112;11
2011;'11060901301; ;8;Subsecção;64;64;64;0;0;43;43;9
2011;'11060901302; ;8;Subsecção;64;64;64;0;0;46;46;5
2011;'11060901303; ;8;Subsecção;130;130;130;0;0;92;92;19
2011;'11060901304; ;8;Subsecção;24;24;24;0;0;15;15;5
2011;'11060901401; ;8;Subsecção;430;429;429;0;1;313;313;68
2011;'11060901501; ;8;Subsecção;63;63;63;0;0;48;48;3
2011;'11060901502; ;8;Subsecção;62;62;62;0;0;49;49;2
2011;'11060901503; ;8;Subsecção;135;135;135;0;0;100;100;8
2011;'11060901601; ;8;Subsecção;114;114;114;0;0;96;96;10
2011;'11060901602; ;8;Subsecção;39;39;39;0;0;33;33;3
2011;'11060901603; ;8;Subsecção;54;54;54;0;0;42;42;5
2011;'11060901604; ;8;Subsecção;64;64;64;0;0;50;50;8
2011;'11060901701; ;8;Subsecção;157;156;156;0;1;92;92;33
2011;'11060901702; ;8;Subsecção;72;68;68;0;4;47;47;18
2011;'11060901801; ;8;Subsecção;210;210;210;0;0;126;126;39
2011;'11060901802; ;8;Subsecção;63;63;63;0;0;45;45;13
2011;'11060901901; ;8;Subsecção;281;279;279;0;2;219;219;25
2011;'11061000101; ;8;Subsecção;16;16;16;0;0;7;7;8
2011;'11061000102; ;8;Subsecção;335;335;335;0;0;219;219;45
2011;'11061000201; ;8;Subsecção;207;206;206;0;1;122;122;55
2011;'11061000202; ;8;Subsecção;111;110;110;0;1;62;62;26
2011;'11061000301; ;8;Subsecção;9;9;9;0;0;9;9;0
2011;'11061000302; ;8;Subsecção;142;142;142;0;0;126;126;2
2011;'11061000303; ;8;Subsecção;91;91;91;0;0;68;68;16
2011;'11061000304; ;8;Subsecção;10;10;10;0;0;10;10;0
2011;'11061000401; ;8;Subsecção;141;138;138;0;3;88;88;38
2011;'11061000402; ;8;Subsecção;1;0;0;0;1;0;0;0
2011;'11061000403; ;8;Subsecção;2;0;0;0;2;0;0;0
2011;'11061000404; ;8;Subsecção;0;0;0;0;0;0;0;0
2011;'11061000405; ;8;Subsecção;51;51;51;0;0;35;35;14
2011;'11061000501; ;8;Subsecção;294;294;294;0;0;174;174;38
2011;'11061000601; ;8;Subsecção;73;73;73;0;0;50;50;11
2011;'11061000602; ;8;Subsecção;58;58;58;0;0;49;49;7
2011;'11061000603; ;8;Subsecção;67;67;66;1;0;29;30;26
2011;'11061000604; ;8;Subsecção;30;30;30;0;0;21;21;7
2011;'11061000701; ;8;Subsecção;0;0;0;0;0;0;0;0
2011;'11061000702; ;8;Subsecção;30;30;29;1;0;11;12;16
2011;'11061000703; ;8;Subsecção;1;0;0;0;1;0;0;0
2011;'11061000704; ;8;Subsecção;222;221;221;0;1;151;151;59
2011;'11061000801; ;8;Subsecção;111;111;111;0;0;82;82;22
2011;'11061000802; ;8;Subsecção;10;10;10;0;0;10;10;0
2011;'11061000803; ;8;Subsecção;24;24;24;0;0;19;19;2
2011;'11061000804; ;8;Subsecção;79;79;79;0;0;67;67;10
2011;'11061000901; ;8;Subsecção;82;82;82;0;0;64;64;11
2011;'11061000902; ;8;Subsecção;12;12;12;0;0;11;11;1
2011;'11061000903; ;8;Subsecção;10;10;10;0;0;9;9;1
2011;'11061000904; ;8;Subsecção;6;6;6;0;0;6;6;0
2011;'11061000905; ;8;Subsecção;12;12;12;0;0;11;11;1
2011;'11061000906; ;8;Subsecção;11;11;11;0;0;9;9;2
2011;'11061000907; ;8;Subsecção;2;2;2;0;0;1;1;1
2011;'11061000908; ;8;Subsecção;4;4;4;0;0;4;4;0
2011;'11061000909; ;8;Subsecção;16;16;16;0;0;14;14;2
2011;'11061000910; ;8;Subsecção;6;6;6;0;0;5;5;1
2011;'11061000911; ;8;Subsecção;10;10;10;0;0;7;7;1
2011;'11061000912; ;8;Subsecção;8;8;8;0;0;7;7;1
2011;'11061000913; ;8;Subsecção;6;6;6;0;0;5;5;1
2011;'11061000914; ;8;Subsecção;69;69;65;4;0;48;52;8
2011;'11061001001; ;8;Subsecção;85;84;84;0;1;67;67;12
2011;'11061001101; ;8;Subsecção;8;8;8;0;0;8;8;0
2011;'11061001102; ;8;Subsecção;21;21;21;0;0;17;17;4
2011;'11061001201; ;8;Subsecção;471;471;471;0;0;360;360;64
2011;'11061001301; ;8;Subsecção;124;124;123;1;0;99;100;21
2011;'11061001302; ;8;Subsecção;92;92;92;0;0;74;74;18
2011;'11061001303; ;8;Subsecção;144;144;144;0;0;93;93;48
2011;'11061001401; ;8;Subsecção;446;445;444;1;1;289;290;147
2011;'11061001501; ;8;Subsecção;15;15;15;0;0;13;13;0
2011;'11061001502; ;8;Subsecção;10;10;10;0;0;10;10;0
2011;'11061001503; ;8;Subsecção;9;9;9;0;0;7;7;0
2011;'11061001504; ;8;Subsecção;1;0;0;0;1;0;0;0
2011;'11061001505; ;8;Subsecção;9;9;9;0;0;9;9;0
2011;'11061001506; ;8;Subsecção;64;64;64;0;0;63;63;1
2011;'11061001507; ;8;Subsecção;153;153;153;0;0;147;147;1
2011;'11061001601; ;8;Subsecção;63;62;62;0;1;55;55;4
2011;'11061001602; ;8;Subsecção;108;108;108;0;0;88;88;14
2011;'11061001603; ;8;Subsecção;89;89;89;0;0;82;82;2
2011;'11061001701; ;8;Subsecção;24;24;24;0;0;19;19;4
2011;'11061001702; ;8;Subsecção;51;51;51;0;0;39;39;6
2011;'11061001703; ;8;Subsecção;27;27;27;0;0;24;24;1
2011;'11061001704; ;8;Subsecção;197;197;197;0;0;123;123;40
2011;'11061001705; ;8;Subsecção;12;12;12;0;0;9;9;1
2011;'11061001801; ;8;Subsecção;91;91;90;1;0;53;54;32
2011;'11061001802; ;8;Subsecção;137;137;137;0;0;80;80;31
2011;'11061001803; ;8;Subsecção;96;96;95;1;0;57;58;22
2011;'11061001901; ;8;Subsecção;246;246;246;0;0;188;188;34
2011;'11061001902; ;8;Subsecção;128;128;128;0;0;78;78;39
2011;'11061002001; ;8;Subsecção;53;53;53;0;0;41;41;1
2011;'11061002002; ;8;Subsecção;24;24;24;0;0;17;17;3
2011;'11061002003; ;8;Subsecção;25;25;25;0;0;19;19;2
2011;'11061002004; ;8;Subsecção;28;28;28;0;0;23;23;1
2011;'11061002005; ;8;Subsecção;19;19;19;0;0;11;11;4
2011;'11061002006; ;8;Subsecção;54;54;54;0;0;45;45;1
2011;'11061002007; ;8;Subsecção;6;6;6;0;0;3;3;1
2011;'11061002101; ;8;Subsecção;58;58;58;0;0;40;40;8
2011;'11061002102; ;8;Subsecção;180;180;180;0;0;117;117;39
2011;'11061002103; ;8;Subsecção;87;87;87;0;0;54;54;18
2011;'11061002201; ;8;Subsecção;359;359;359;0;0;258;258;54
2011;'11061002301; ;8;Subsecção;143;143;143;0;0;110;110;13
2011;'11061002302; ;8;Subsecção;106;106;106;0;0;75;75;12
2011;'11061002303; ;8;Subsecção;48;47;47;0;1;35;35;3
2011;'11061002401; ;8;Subsecção;21;20;20;0;1;11;11;2
2011;'11061002402; ;8;Subsecção;6;6;6;0;0;5;5;0
2011;'11061002403; ;8;Subsecção;304;302;302;0;2;171;171;64
2011;'11061002501; ;8;Subsecção;65;65;65;0;0;46;46;11
2011;'11061002502; ;8;Subsecção;202;201;201;0;1;147;147;28
2011;'11061002601; ;8;Subsecção;290;290;290;0;0;206;206;63
2011;'11061002602; ;8;Subsecção;33;32;32;0;1;8;8;16
2011;'11061002701; ;8;Subsecção;288;288;288;0;0;220;220;38
2011;'11061002801; ;8;Subsecção;145;145;145;0;0;110;110;22
2011;'11061002802; ;8;Subsecção;175;175;175;0;0;133;133;22
2011;'11061002901; ;8;Subsecção;145;145;145;0;0;102;102;29
2011;'11061002902; ;8;Subsecção;14;14;14;0;0;12;12;1
2011;'11061002903; ;8;Subsecção;21;21;21;0;0;16;16;4
2011;'11061002904; ;8;Subsecção;10;10;10;0;0;6;6;3
2011;'11061002905; ;8;Subsecção;10;10;10;0;0;8;8;1
2011;'11061002906; ;8;Subsecção;65;65;65;0;0;56;56;9
2011;'11061002907; ;8;Subsecção;65;65;65;0;0;63;63;2
2011;'11061003001; ;8;Subsecção;330;330;330;0;0;221;221;79
2011;'11061003101; ;8;Subsecção;17;17;17;0;0;5;5;10
2011;'11061003102; ;8;Subsecção;12;12;12;0;0;9;9;3
2011;'11061003103; ;8;Subsecção;83;83;83;0;0;55;55;13
2011;'11061003104; ;8;Subsecção;44;44;44;0;0;41;41;1
2011;'11061003105; ;8;Subsecção;55;55;55;0;0;32;32;18
2011;'11061003106; ;8;Subsecção;30;30;30;0;0;21;21;5
2011;'11061003107; ;8;Subsecção;50;50;50;0;0;24;24;14
2011;'11061003108; ;8;Subsecção;8;8;8;0;0;5;5;2
2011;'11061003109; ;8;Subsecção;14;14;14;0;0;8;8;5
2011;'11061003110; ;8;Subsecção;17;17;17;0;0;7;7;8
2011;'11061003111; ;8;Subsecção;0;0;0;0;0;0;0;0
2011;'11061003112; ;8;Subsecção;0;0;0;0;0;0;0;0
2011;'11061003113; ;8;Subsecção;0;0;0;0;0;0;0;0
2011;'11061003114; ;8;Subsecção;0;0;0;0;0;0;0;0
2011;'11061003201; ;8;Subsecção;66;66;66;0;0;58;58;6
2011;'11061003202; ;8;Subsecção;82;82;81;1;0;76;77;5
2011;'11061003203; ;8;Subsecção;75;75;75;0;0;63;63;9
2011;'11061003204; ;8;Subsecção;33;33;33;0;0;27;27;4
2011;'11061100101; ;8;Subsecção;0;0;0;0;0;0;0;0
2011;'11061100102; ;8;Subsecção;0;0;0;0;0;0;0;0
2011;'11061100103; ;8;Subsecção;0;0;0;0;0;0;0;0
2011;'11061100104; ;8;Subsecção;0;0;0;0;0;0;0;0
2011;'11061100105; ;8;Subsecção;0;0;0;0;0;0;0;0
2011;'11061100106; ;8;Subsecção;0;0;0;0;0;0;0;0
2011;'11061100107; ;8;Subsecção;101;101;101;0;0;65;65;32
2011;'11061100108; ;8;Subsecção;100;100;100;0;0;76;76;22
2011;'11061100109; ;8;Subsecção;99;99;99;0;0;72;72;24
2011;'11061100201; ;8;Subsecção;0;0;0;0;0;0;0;0
2011;'11061100202; ;8;Subsecção;1;1;0;1;0;0;1;0
2011;'11061100203; ;8;Subsecção;40;40;40;0;0;38;38;0
2011;'11061100204; ;8;Subsecção;41;41;41;0;0;27;27;10
2011;'11061100205; ;8;Subsecção;160;160;160;0;0;139;139;14
2011;'11061100206; ;8;Subsecção;100;100;100;0;0;67;67;29
2011;'11061100301; ;8;Subsecção;0;0;0;0;0;0;0;0
2011;'11061100302; ;8;Subsecção;0;0;0;0;0;0;0;0
2011;'11061100303; ;8;Subsecção;113;113;113;0;0;92;92;8
2011;'11061100304; ;8;Subsecção;0;0;0;0;0;0;0;0
2011;'11061100305; ;8;Subsecção;22;22;22;0;0;18;18;3
2011;'11061100306; ;8;Subsecção;85;85;85;0;0;59;59;19
2011;'11061100307; ;8;Subsecção;36;36;36;0;0;32;32;1
2011;'11061100308; ;8;Subsecção;117;117;117;0;0;100;100;6
2011;'11061100309; ;8;Subsecção;0;0;0;0;0;0;0;0
2011;'11061100310; ;8;Subsecção;96;96;96;0;0;84;84;6
2011;'11061100401; ;8;Subsecção;100;100;100;0;0;77;77;22
2011;'11061100402; ;8;Subsecção;100;100;100;0;0;64;64;30
2011;'11061100403; ;8;Subsecção;24;24;24;0;0;17;17;5
2011;'11061100404; ;8;Subsecção;24;24;24;0;0;19;19;4
2011;'11061100405; ;8;Subsecção;24;24;24;0;0;15;15;8
2011;'11061100406; ;8;Subsecção;11;11;11;0;0;9;9;2
2011;'11061100501; ;8;Subsecção;100;100;100;0;0;64;64;34
2011;'11061100502; ;8;Subsecção;24;24;24;0;0;20;20;4
2011;'11061100503; ;8;Subsecção;23;23;23;0;0;15;15;8
2011;'11061100504; ;8;Subsecção;142;142;142;0;0;134;134;6
2011;'11061100505; ;8;Subsecção;45;45;45;0;0;35;35;10
2011;'11061100601; ;8;Subsecção;72;72;72;0;0;66;66;3
2011;'11061100602; ;8;Subsecção;143;143;143;0;0;135;135;4
2011;'11061100603; ;8;Subsecção;3;3;3;0;0;1;1;0
2011;'11061100604; ;8;Subsecção;31;31;31;0;0;28;28;2
2011;'11061100605; ;8;Subsecção;30;30;30;0;0;29;29;1
2011;'11061100606; ;8;Subsecção;29;29;29;0;0;28;28;1
2011;'11061100701; ;8;Subsecção;1;1;1;0;0;0;0;0
2011;'11061100702; ;8;Subsecção;0;0;0;0;0;0;0;0
2011;'11061100703; ;8;Subsecção;70;70;70;0;0;66;66;4
2011;'11061100704; ;8;Subsecção;206;206;205;1;0;181;182;19
2011;'11061100801; ;8;Subsecção;14;13;13;0;1;12;12;0
2011;'11061100901; ;8;Subsecção;297;297;297;0;0;277;277;12
2011;'11061101001; ;8;Subsecção;211;211;211;0;0;178;178;14
2011;'11061101002; ;8;Subsecção;93;93;93;0;0;78;78;13
2011;'11061101101; ;8;Subsecção;214;214;214;0;0;195;195;13
2011;'11061101102; ;8;Subsecção;34;34;34;0;0;33;33;0
2011;'11061101103; ;8;Subsecção;30;30;30;0;0;28;28;2
2011;'11061101104; ;8;Subsecção;2;1;1;0;1;0;0;1
2011;'11061101105; ;8;Subsecção;0;0;0;0;0;0;0;0
2011;'11061101201; ;8;Subsecção;0;0;0;0;0;0;0;0
2011;'11061101202; ;8;Subsecção;255;255;255;0;0;221;221;4
2011;'11061101203; ;8;Subsecção;0;0;0;0;0;0;0;0
2011;'11061101204; ;8;Subsecção;1;1;1;0;0;1;1;0
2011;'11061101205; ;8;Subsecção;1;0;0;0;1;0;0;0
2011;'11061101301; ;8;Subsecção;104;104;104;0;0;94;94;7
2011;'11061101302; ;8;Subsecção;56;56;56;0;0;53;53;3
2011;'11061101303; ;8;Subsecção;106;106;106;0;0;96;96;9
2011;'11061101401; ;8;Subsecção;374;374;374;0;0;290;290;35
2011;'11061101501; ;8;Subsecção;40;40;40;0;0;27;27;11
2011;'11061101502; ;8;Subsecção;136;136;136;0;0;110;110;0
2011;'11061101503; ;8;Subsecção;10;10;10;0;0;6;6;3
2011;'11061101504; ;8;Subsecção;29;28;27;1;1;16;17;8
2011;'11061101601; ;8;Subsecção;4;1;1;0;3;1;1;0
2011;'11061101602; ;8;Subsecção;94;93;93;0;1;77;77;4
2011;'11061101603; ;8;Subsecção;112;112;112;0;0;97;97;3
2011;'11061101604; ;8;Subsecção;121;121;121;0;0;89;89;8
2011;'11061101605; ;8;Subsecção;29;29;29;0;0;22;22;0
2011;'11061101701; ;8;Subsecção;0;0;0;0;0;0;0;0
2011;'11061101702; ;8;Subsecção;418;417;417;0;1;253;253;83
2011;'11061101801; ;8;Subsecção;0;0;0;0;0;0;0;0
2011;'11061101802; ;8;Subsecção;221;221;221;0;0;188;188;10
2011;'11061101901; ;8;Subsecção;76;76;76;0;0;65;65;2
2011;'11061101902; ;8;Subsecção;83;83;83;0;0;63;63;15
2011;'11061101903; ;8;Subsecção;243;243;243;0;0;201;201;16
2011;'11061102001; ;8;Subsecção;163;163;163;0;0;133;133;13
2011;'11061102002; ;8;Subsecção;194;194;194;0;0;169;169;11
2011;'11061102101; ;8;Subsecção;16;16;16;0;0;14;14;1
2011;'11061102102; ;8;Subsecção;0;0;0;0;0;0;0;0
2011;'11061102103; ;8;Subsecção;298;298;298;0;0;259;259;13
2011;'11061102201; ;8;Subsecção;4;3;3;0;1;2;2;0
2011;'11061102202; ;8;Subsecção;34;34;34;0;0;22;22;11
2011;'11061102203; ;8;Subsecção;71;71;71;0;0;50;50;11
2011;'11061102204; ;8;Subsecção;213;213;213;0;0;173;173;9
2011;'11061102301; ;8;Subsecção;174;174;174;0;0;140;140;18
2011;'11061102302; ;8;Subsecção;215;215;215;0;0;181;181;30
2011;'11061102401; ;8;Subsecção;223;222;222;0;1;191;191;16
2011;'11061102501; ;8;Subsecção;275;275;275;0;0;168;168;67
2011;'11061102502; ;8;Subsecção;161;161;161;0;0;121;121;8
2011;'11061102601; ;8;Subsecção;62;62;62;0;0;54;54;1
2011;'11061102602; ;8;Subsecção;160;160;160;0;0;135;135;5
2011;'11061102603; ;8;Subsecção;33;33;33;0;0;30;30;0
2011;'11061102604; ;8;Subsecção;49;49;49;0;0;38;38;2
2011;'11061102701; ;8;Subsecção;188;188;188;0;0;165;165;9
2011;'11061102702; ;8;Subsecção;126;126;126;0;0;86;86;15
2011;'11061102703; ;8;Subsecção;132;132;132;0;0;105;105;11
2011;'11061102801; ;8;Subsecção;2;2;2;0;0;1;1;1
2011;'11061102802; ;8;Subsecção;21;21;21;0;0;16;16;4
2011;'11061102803; ;8;Subsecção;7;7;7;0;0;5;5;0
2011;'11061102804; ;8;Subsecção;12;12;12;0;0;9;9;2
2011;'11061102805; ;8;Subsecção;15;15;15;0;0;8;8;6
2011;'11061102806; ;8;Subsecção;20;20;20;0;0;12;12;8
2011;'11061102807; ;8;Subsecção;7;7;7;0;0;7;7;0
2011;'11061102808; ;8;Subsecção;17;17;17;0;0;13;13;1
2011;'11061102809; ;8;Subsecção;17;17;17;0;0;8;8;8
2011;'11061102810; ;8;Subsecção;18;18;18;0;0;12;12;5
2011;'11061102811; ;8;Subsecção;2;2;2;0;0;1;1;0
2011;'11061102812; ;8;Subsecção;72;72;72;0;0;59;59;7
2011;'11061102901; ;8;Subsecção;128;127;127;0;1;109;109;5
2011;'11061102902; ;8;Subsecção;128;128;128;0;0;118;118;4
2011;'11061102903; ;8;Subsecção;64;64;64;0;0;49;49;4
2011;'11061102904; ;8;Subsecção;1;0;0;0;1;0;0;0
2011;'11061102905; ;8;Subsecção;92;92;92;0;0;69;69;3
2011;'11061103001; ;8;Subsecção;193;193;193;0;0;159;159;6
2011;'11061103002; ;8;Subsecção;82;82;82;0;0;69;69;7
2011;'11061103003; ;8;Subsecção;64;64;64;0;0;52;52;8
2011;'11061103101; ;8;Subsecção;3;0;0;0;3;0;0;0
2011;'11061103102; ;8;Subsecção;180;180;180;0;0;145;145;7
2011;'11061103103; ;8;Subsecção;159;159;159;0;0;119;119;13
2011;'11061103201; ;8;Subsecção;187;187;187;0;0;139;139;38
2011;'11061103202; ;8;Subsecção;126;126;126;0;0;100;100;21
2011;'11061103301; ;8;Subsecção;202;200;200;0;2;144;144;12
2011;'11061103302; ;8;Subsecção;126;126;126;0;0;103;103;2
2011;'11061103303; ;8;Subsecção;0;0;0;0;0;0;0;0
2011;'11061103401; ;8;Subsecção;142;142;142;0;0;117;117;13
2011;'11061103402; ;8;Subsecção;36;36;36;0;0;26;26;4
2011;'11061103403; ;8;Subsecção;4;4;4;0;0;2;2;2
2011;'11061103404; ;8;Subsecção;160;160;160;0;0;126;126;15
2011;'11061103501; ;8;Subsecção;303;303;303;0;0;247;247;41
2011;'11061103502; ;8;Subsecção;64;64;64;0;0;50;50;10
2011;'11061200101; ;8;Subsecção;5;5;5;0;0;0;0;4
2011;'11061200102; ;8;Subsecção;47;47;47;0;0;36;36;10
2011;'11061200103; ;8;Subsecção;72;72;72;0;0;29;29;37
2011;'11061200104; ;8;Subsecção;82;82;81;1;0;40;41;39
2011;'11061200105; ;8;Subsecção;60;60;60;0;0;37;37;20
2011;'11061200106; ;8;Subsecção;27;26;26;0;1;17;17;6
2011;'11061200107; ;8;Subsecção;1;1;1;0;0;0;0;1
2011;'11061200108; ;8;Subsecção;46;46;46;0;0;23;23;17
2011;'11061200109; ;8;Subsecção;9;9;9;0;0;7;7;2
2011;'11061300101; ;8;Subsecção;13;13;3;10;0;3;13;0
2011;'11061300102; ;8;Subsecção;27;27;27;0;0;22;22;4
2011;'11061300103; ;8;Subsecção;2;2;2;0;0;2;2;0
2011;'11061300104; ;8;Subsecção;95;95;95;0;0;76;76;12
2011;'11061300105; ;8;Subsecção;87;87;87;0;0;67;67;18
2011;'11061300106; ;8;Subsecção;46;46;46;0;0;40;40;2
2011;'11061300107; ;8;Subsecção;7;7;7;0;0;6;6;0
2011;'11061300108; ;8;Subsecção;30;30;30;0;0;24;24;3
2011;'11061300109; ;8;Subsecção;62;62;62;0;0;50;50;11
2011;'11061300201; ;8;Subsecção;1;1;1;0;0;1;1;0
2011;'11061300202; ;8;Subsecção;159;159;159;0;0;96;96;54
2011;'11061300203; ;8;Subsecção;112;112;111;1;0;88;89;19
2011;'11061300204; ;8;Subsecção;84;84;84;0;0;70;70;10
2011;'11061300301; ;8;Subsecção;82;82;82;0;0;70;70;11
2011;'11061300302; ;8;Subsecção;177;177;177;0;0;132;132;42
2011;'11061300303; ;8;Subsecção;30;30;30;0;0;30;30;0
2011;'11061300304; ;8;Subsecção;57;57;57;0;0;48;48;9
2011;'11061300305; ;8;Subsecção;48;48;48;0;0;35;35;12
2011;'11061300401; ;8;Subsecção;58;58;57;1;0;52;53;3
2011;'11061300402; ;8;Subsecção;50;50;50;0;0;37;37;10
2011;'11061300403; ;8;Subsecção;0;0;0;0;0;0;0;0
2011;'11061300404; ;8;Subsecção;146;146;146;0;0;118;118;18
2011;'11061300501; ;8;Subsecção;5;5;4;1;0;4;5;0
2011;'11061300502; ;8;Subsecção;63;62;62;0;1;58;58;1
2011;'11061300503; ;8;Subsecção;4;4;3;1;0;3;4;0
2011;'11061300504; ;8;Subsecção;13;13;13;0;0;11;11;1
2011;'11061300505; ;8;Subsecção;21;21;21;0;0;20;20;0
2011;'11061300506; ;8;Subsecção;12;12;12;0;0;11;11;0
2011;'11061300507; ;8;Subsecção;6;6;6;0;0;6;6;0
2011;'11061300601; ;8;Subsecção;43;43;43;0;0;32;32;10
2011;'11061300602; ;8;Subsecção;0;0;0;0;0;0;0;0
2011;'11061300603; ;8;Subsecção;31;31;31;0;0;21;21;7
2011;'11061300604; ;8;Subsecção;49;49;49;0;0;34;34;12
2011;'11061300605; ;8;Subsecção;9;8;8;0;1;6;6;2
2011;'11061300606; ;8;Subsecção;85;85;85;0;0;69;69;7
2011;'11061300607; ;8;Subsecção;27;27;27;0;0;17;17;10
2011;'11061300608; ;8;Subsecção;8;8;8;0;0;8;8;0
2011;'11061300701; ;8;Subsecção;32;32;32;0;0;31;31;0
2011;'11061300702; ;8;Subsecção;58;58;58;0;0;54;54;0
2011;'11061300703; ;8;Subsecção;214;214;214;0;0;169;169;20
2011;'11061300704; ;8;Subsecção;8;8;8;0;0;6;6;0
2011;'11061300801; ;8;Subsecção;35;35;35;0;0;19;19;15
2011;'11061300802; ;8;Subsecção;250;250;250;0;0;210;210;37
2011;'11061300901; ;8;Subsecção;136;136;136;0;0;109;109;21
2011;'11061300902; ;8;Subsecção;0;0;0;0;0;0;0;0
2011;'11061300903; ;8;Subsecção;243;243;243;0;0;189;189;43
2011;'11061301001; ;8;Subsecção;6;6;6;0;0;4;4;1
2011;'11061301002; ;8;Subsecção;83;83;83;0;0;66;66;16
2011;'11061301003; ;8;Subsecção;82;82;82;0;0;73;73;7
2011;'11061301004; ;8;Subsecção;0;0;0;0;0;0;0;0
2011;'11061301005; ;8;Subsecção;138;138;138;0;0;125;125;12
2011;'11061301006; ;8;Subsecção;0;0;0;0;0;0;0;0
2011;'11061301101; ;8;Subsecção;56;56;56;0;0;50;50;4
2011;'11061301102; ;8;Subsecção;377;377;377;0;0;319;319;27
2011;'11061301201; ;8;Subsecção;61;61;61;0;0;50;50;8
2011;'11061301202; ;8;Subsecção;133;133;131;2;0;122;124;8
2011;'11061301203; ;8;Subsecção;171;171;171;0;0;137;137;22
2011;'11061301301; ;8;Subsecção;0;0;0;0;0;0;0;0
2011;'11061301302; ;8;Subsecção;259;259;259;0;0;245;245;8
2011;'11061301401; ;8;Subsecção;0;0;0;0;0;0;0;0
2011;'11061301402; ;8;Subsecção;357;357;357;0;0;289;289;57
2011;'11061400101; ;8;Subsecção;64;64;64;0;0;31;31;25
2011;'11061400102; ;8;Subsecção;49;47;47;0;2;28;28;11
2011;'11061400103; ;8;Subsecção;87;87;87;0;0;56;56;4
2011;'11061400201; ;8;Subsecção;1;0;0;0;1;0;0;0
2011;'11061400202; ;8;Subsecção;32;32;32;0;0;19;19;2
2011;'11061400203; ;8;Subsecção;0;0;0;0;0;0;0;0
2011;'11061400204; ;8;Subsecção;0;0;0;0;0;0;0;0
2011;'11061400205; ;8;Subsecção;135;131;131;0;4;73;73;21
2011;'11061400301; ;8;Subsecção;35;33;33;0;2;27;27;0
2011;'11061400302; ;8;Subsecção;103;101;101;0;2;83;83;1
2011;'11061400303; ;8;Subsecção;25;22;22;0;3;18;18;0
2011;'11061400401; ;8;Subsecção;99;99;99;0;0;60;60;17
2011;'11061400402; ;8;Subsecção;163;162;162;0;1;113;113;28
2011;'11061400501; ;8;Subsecção;114;113;113;0;1;81;81;8
2011;'11061400502; ;8;Subsecção;109;109;109;0;0;84;84;12
2011;'11061400601; ;8;Subsecção;97;96;96;0;1;38;38;50
2011;'11061400602; ;8;Subsecção;208;206;206;0;2;94;94;108
2011;'11061400701; ;8;Subsecção;120;120;120;0;0;87;87;18
2011;'11061400702; ;8;Subsecção;149;147;147;0;2;81;81;27
2011;'11061400801; ;8;Subsecção;71;68;68;0;3;28;28;32
2011;'11061400802; ;8;Subsecção;11;11;11;0;0;7;7;4
2011;'11061400803; ;8;Subsecção;23;20;20;0;3;4;4;16
2011;'11061400804; ;8;Subsecção;16;16;16;0;0;4;4;11
2011;'11061400901; ;8;Subsecção;255;254;254;0;1;183;183;36
2011;'11061400902; ;8;Subsecção;55;55;55;0;0;43;43;3
2011;'11061401001; ;8;Subsecção;211;211;210;1;0;152;153;33
2011;'11061401002; ;8;Subsecção;51;51;51;0;0;36;36;5
2011;'11061401003; ;8;Subsecção;98;98;98;0;0;61;61;23
2011;'11061401101; ;8;Subsecção;28;27;27;0;1;9;9;18
2011;'11061401102; ;8;Subsecção;13;12;12;0;1;6;6;6
2011;'11061401103; ;8;Subsecção;32;31;31;0;1;20;20;10
2011;'11061401104; ;8;Subsecção;18;18;18;0;0;0;0;18
2011;'11061401105; ;8;Subsecção;8;8;8;0;0;5;5;3
2011;'11061401106; ;8;Subsecção;1;0;0;0;1;0;0;0
2011;'11061401107; ;8;Subsecção;19;17;17;0;2;14;14;0
2011;'11061401201; ;8;Subsecção;31;30;30;0;1;23;23;4
2011;'11061401202; ;8;Subsecção;64;64;64;0;0;38;38;19
2011;'11061401203; ;8;Subsecção;120;120;120;0;0;84;84;26
2011;'11061401204; ;8;Subsecção;47;46;46;0;1;28;28;14
2011;'11061401205; ;8;Subsecção;22;21;21;0;1;3;3;18
2011;'11061401301; ;8;Subsecção;31;31;31;0;0;18;18;5
2011;'11061401302; ;8;Subsecção;30;27;27;0;3;18;18;9
2011;'11061401303; ;8;Subsecção;3;1;1;0;2;1;1;0
2011;'11061401304; ;8;Subsecção;43;43;43;0;0;24;24;12
2011;'11061500101; ;8;Subsecção;0;0;0;0;0;0;0;0
2011;'11061500102; ;8;Subsecção;47;46;46;0;1;14;14;0
2011;'11061500103; ;8;Subsecção;2;0;0;0;2;0;0;0
2011;'11061500104; ;8;Subsecção;7;5;5;0;2;1;1;3
2011;'11061500105; ;8;Subsecção;0;0;0;0;0;0;0;0
2011;'11061500106; ;8;Subsecção;96;95;95;0;1;51;51;25
2011;'11061500107; ;8;Subsecção;134;131;131;0;3;58;58;56
2011;'11061500108; ;8;Subsecção;4;4;3;1;0;1;2;2
2011;'11061500201; ;8;Subsecção;58;58;58;0;0;27;27;12
2011;'11061500202; ;8;Subsecção;41;41;41;0;0;9;9;20
2011;'11061500203; ;8;Subsecção;0;0;0;0;0;0;0;0
2011;'11061500204; ;8;Subsecção;56;55;55;0;1;32;32;17
2011;'11061500205; ;8;Subsecção;50;50;50;0;0;22;22;12
2011;'11061500206; ;8;Subsecção;6;6;6;0;0;4;4;1
2011;'11061500207; ;8;Subsecção;29;29;29;0;0;13;13;8
2011;'11061500208; ;8;Subsecção;81;81;81;0;0;37;37;18
2011;'11061500301; ;8;Subsecção;23;23;23;0;0;11;11;11
2011;'11061500302; ;8;Subsecção;61;61;61;0;0;40;40;18
2011;'11061500303; ;8;Subsecção;21;21;21;0;0;4;4;17
2011;'11061500304; ;8;Subsecção;20;18;18;0;2;4;4;7
2011;'11061500305; ;8;Subsecção;38;37;37;0;1;17;17;19
2011;'11061500306; ;8;Subsecção;26;25;25;0;1;18;18;4
2011;'11061500307; ;8;Subsecção;52;52;52;0;0;25;25;24
2011;'11061500308; ;8;Subsecção;35;35;35;0;0;17;17;13
2011;'11061500309; ;8;Subsecção;46;46;46;0;0;16;16;30
2011;'11061500401; ;8;Subsecção;67;67;67;0;0;30;30;34
2011;'11061500402; ;8;Subsecção;47;47;47;0;0;28;28;7
2011;'11061500403; ;8;Subsecção;36;36;36;0;0;18;18;15
2011;'11061500404; ;8;Subsecção;16;14;14;0;2;3;3;11
2011;'11061500405; ;8;Subsecção;85;85;85;0;0;30;30;39
2011;'11061500501; ;8;Subsecção;43;42;41;1;1;29;30;6
2011;'11061500502; ;8;Subsecção;62;61;61;0;1;43;43;6
2011;'11061500503; ;8;Subsecção;78;78;78;0;0;48;48;19
2011;'11061500504; ;8;Subsecção;71;71;71;0;0;44;44;12
2011;'11061500505; ;8;Subsecção;12;12;12;0;0;9;9;0
2011;'11061500506; ;8;Subsecção;40;40;40;0;0;21;21;8
2011;'11061500507; ;8;Subsecção;29;29;29;0;0;21;21;2
2011;'11061500601; ;8;Subsecção;34;34;33;1;0;20;21;11
2011;'11061500602; ;8;Subsecção;47;47;47;0;0;25;25;13
2011;'11061500603; ;8;Subsecção;54;54;54;0;0;25;25;26
2011;'11061500604; ;8;Subsecção;28;28;28;0;0;9;9;10
2011;'11061500605; ;8;Subsecção;63;63;63;0;0;31;31;24
2011;'11061500606; ;8;Subsecção;61;61;61;0;0;40;40;11
2011;'11061500607; ;8;Subsecção;16;15;15;0;1;8;8;5
2011;'11061500701; ;8;Subsecção;68;68;68;0;0;34;34;27
2011;'11061500702; ;8;Subsecção;0;0;0;0;0;0;0;0
2011;'11061500703; ;8;Subsecção;77;77;77;0;0;30;30;43
2011;'11061500704; ;8;Subsecção;36;34;34;0;2;19;19;10
2011;'11061500705; ;8;Subsecção;78;78;78;0;0;49;49;25
2011;'11061500706; ;8;Subsecção;63;63;63;0;0;28;28;30
2011;'11061500707; ;8;Subsecção;48;48;48;0;0;7;7;40
2011;'11061500708; ;8;Subsecção;65;65;65;0;0;34;34;26
2011;'11061500709; ;8;Subsecção;26;25;25;0;1;7;7;18
2011;'11061600101; ;8;Subsecção;114;114;114;0;0;76;76;28
2011;'11061600102; ;8;Subsecção;56;55;55;0;1;47;47;5
2011;'11061600103; ;8;Subsecção;120;119;119;0;1;86;86;26
2011;'11061600201; ;8;Subsecção;393;393;393;0;0;266;266;104
2011;'11061600301; ;8;Subsecção;267;267;266;1;0;193;194;49
2011;'11061600302; ;8;Subsecção;138;137;137;0;1;85;85;38
2011;'11061600401; ;8;Subsecção;159;159;159;0;0;102;102;31
2011;'11061600402; ;8;Subsecção;176;176;176;0;0;122;122;37
2011;'11061600501; ;8;Subsecção;108;108;108;0;0;79;79;19
2011;'11061600502; ;8;Subsecção;29;29;29;0;0;20;20;6
2011;'11061600503; ;8;Subsecção;56;56;56;0;0;33;33;19
2011;'11061600504; ;8;Subsecção;98;98;98;0;0;69;69;20
2011;'11061600601; ;8;Subsecção;147;146;146;0;1;108;108;29
2011;'11061600602; ;8;Subsecção;119;118;118;0;1;85;85;30
2011;'11061600603; ;8;Subsecção;72;72;72;0;0;51;51;18
2011;'11061600701; ;8;Subsecção;93;93;93;0;0;49;49;19
2011;'11061600702; ;8;Subsecção;166;166;166;0;0;114;114;34
2011;'11061600703; ;8;Subsecção;39;39;39;0;0;28;28;3
2011;'11061600801; ;8;Subsecção;342;342;342;0;0;195;195;110
2011;'11061600901; ;8;Subsecção;91;91;91;0;0;66;66;13
2011;'11061600902; ;8;Subsecção;56;56;56;0;0;31;31;21
2011;'11061600903; ;8;Subsecção;176;176;176;0;0;110;110;35
2011;'11061601001; ;8;Subsecção;171;171;171;0;0;107;107;32
2011;'11061601002; ;8;Subsecção;163;163;163;0;0;72;72;36
2011;'11061601101; ;8;Subsecção;68;67;67;0;1;37;37;29
2011;'11061601102; ;8;Subsecção;274;274;274;0;0;198;198;43
2011;'11061601201; ;8;Subsecção;52;52;52;0;0;38;38;9
2011;'11061601202; ;8;Subsecção;169;169;169;0;0;104;104;57
2011;'11061601203; ;8;Subsecção;72;72;72;0;0;50;50;20
2011;'11061601204; ;8;Subsecção;119;118;118;0;1;68;68;40
2011;'11061601205; ;8;Subsecção;22;22;22;0;0;10;10;11
2011;'11061700101; ;8;Subsecção;209;205;205;0;4;136;136;47
2011;'11061700102; ;8;Subsecção;74;74;74;0;0;52;52;15
2011;'11061700103; ;8;Subsecção;21;21;21;0;0;19;19;2
2011;'11061700201; ;8;Subsecção;18;17;17;0;1;7;7;10
2011;'11061700202; ;8;Subsecção;162;162;162;0;0;108;108;51
2011;'11061700203; ;8;Subsecção;75;75;75;0;0;42;42;29
2011;'11061700301; ;8;Subsecção;157;157;157;0;0;90;90;45
2011;'11061700302; ;8;Subsecção;16;16;16;0;0;13;13;3
2011;'11061700303; ;8;Subsecção;128;128;128;0;0;78;78;37
2011;'11061700401; ;8;Subsecção;118;117;117;0;1;80;80;26
2011;'11061700402; ;8;Subsecção;143;143;143;0;0;96;96;31
2011;'11061700403; ;8;Subsecção;93;93;93;0;0;62;62;26
2011;'11061700501; ;8;Subsecção;105;105;105;0;0;65;65;33
2011;'11061700502; ;8;Subsecção;200;200;200;0;0;135;135;48
2011;'11061700601; ;8;Subsecção;110;109;109;0;1;77;77;31
2011;'11061700602; ;8;Subsecção;189;188;188;0;1;132;132;50
2011;'11061700701; ;8;Subsecção;1;1;1;0;0;1;1;0
2011;'11061700702; ;8;Subsecção;315;315;315;0;0;185;185;115
2011;'11061700801; ;8;Subsecção;101;101;101;0;0;73;73;23
2011;'11061700802; ;8;Subsecção;232;232;232;0;0;160;160;43
2011;'11061700901; ;8;Subsecção;89;89;89;0;0;68;68;10
2011;'11061700902; ;8;Subsecção;105;105;105;0;0;67;67;33
2011;'11061700903; ;8;Subsecção;147;147;147;0;0;104;104;31
2011;'11061700904; ;8;Subsecção;34;34;34;0;0;29;29;2
2011;'11061701001; ;8;Subsecção;247;246;246;0;1;184;184;39
2011;'11061701002; ;8;Subsecção;67;67;67;0;0;46;46;16
2011;'11061701003; ;8;Subsecção;148;148;148;0;0;96;96;29
2011;'11061701101; ;8;Subsecção;172;171;171;0;1;106;106;50
2011;'11061701102; ;8;Subsecção;11;11;11;0;0;9;9;0
2011;'11061701103; ;8;Subsecção;98;96;96;0;2;68;68;22
2011;'11061701104; ;8;Subsecção;56;56;56;0;0;40;40;9
2011;'11061701201; ;8;Subsecção;42;42;42;0;0;36;36;3
2011;'11061701202; ;8;Subsecção;120;120;120;0;0;77;77;29
2011;'11061701203; ;8;Subsecção;71;71;71;0;0;49;49;10
2011;'11061701204; ;8;Subsecção;127;127;126;1;0;73;74;37
2011;'11061701301; ;8;Subsecção;131;130;129;1;1;107;108;12
2011;'11061701302; ;8;Subsecção;162;162;162;0;0;114;114;39
2011;'11061701303; ;8;Subsecção;25;25;25;0;0;20;20;4
2011;'11061701304; ;8;Subsecção;23;23;23;0;0;16;16;6
2011;'11061701401; ;8;Subsecção;113;113;113;0;0;85;85;21
2011;'11061701402; ;8;Subsecção;97;97;97;0;0;74;74;16
2011;'11061701403; ;8;Subsecção;50;50;50;0;0;38;38;7
2011;'11061701404; ;8;Subsecção;97;97;97;0;0;64;64;20
2011;'11061701501; ;8;Subsecção;85;85;85;0;0;67;67;11
2011;'11061701502; ;8;Subsecção;100;100;100;0;0;63;63;31
2011;'11061701503; ;8;Subsecção;12;12;12;0;0;8;8;4
2011;'11061701504; ;8;Subsecção;0;0;0;0;0;0;0;0
2011;'11061701505; ;8;Subsecção;60;60;60;0;0;38;38;17
2011;'11061701506; ;8;Subsecção;65;65;65;0;0;44;44;18
2011;'11061701601; ;8;Subsecção;95;95;94;1;0;63;64;31
2011;'11061701602; ;8;Subsecção;63;63;63;0;0;32;32;26
2011;'11061701603; ;8;Subsecção;118;118;118;0;0;65;65;42
2011;'11061800101; ;8;Subsecção;0;0;0;0;0;0;0;0
2011;'11061800102; ;8;Subsecção;183;183;183;0;0;128;128;25
2011;'11061800103; ;8;Subsecção;65;65;65;0;0;49;49;12
2011;'11061800201; ;8;Subsecção;34;34;34;0;0;16;16;18
2011;'11061800202; ;8;Subsecção;77;77;77;0;0;17;17;55
2011;'11061800203; ;8;Subsecção;24;24;24;0;0;5;5;19
2011;'11061800204; ;8;Subsecção;50;50;50;0;0;44;44;3
2011;'11061800205; ;8;Subsecção;65;65;65;0;0;31;31;33
2011;'11061800301; ;8;Subsecção;159;159;159;0;0;124;124;25
2011;'11061800302; ;8;Subsecção;71;71;70;1;0;50;51;14
2011;'11061800401; ;8;Subsecção;124;124;124;0;0;87;87;23
2011;'11061800402; ;8;Subsecção;44;44;44;0;0;37;37;5
2011;'11061800403; ;8;Subsecção;95;95;95;0;0;73;73;10
2011;'11061800404; ;8;Subsecção;41;41;41;0;0;36;36;2
2011;'11061800501; ;8;Subsecção;123;123;123;0;0;94;94;14
2011;'11061800502; ;8;Subsecção;234;233;233;0;1;185;185;18
2011;'11061800601; ;8;Subsecção;131;131;131;0;0;95;95;32
2011;'11061800602; ;8;Subsecção;228;228;228;0;0;185;185;26
2011;'11061800603; ;8;Subsecção;73;73;73;0;0;51;51;20
2011;'11061800701; ;8;Subsecção;1;0;0;0;1;0;0;0
2011;'11061800702; ;8;Subsecção;148;148;148;0;0;126;126;14
2011;'11061800703; ;8;Subsecção;139;139;139;0;0;106;106;14
2011;'11061800801; ;8;Subsecção;96;96;96;0;0;77;77;14
2011;'11061800802; ;8;Subsecção;247;247;247;0;0;163;163;69
2011;'11061800901; ;8;Subsecção;140;140;140;0;0;132;132;3
2011;'11061800902; ;8;Subsecção;0;0;0;0;0;0;0;0
2011;'11061801001; ;8;Subsecção;213;213;213;0;0;209;209;2
2011;'11061801101; ;8;Subsecção;234;234;234;0;0;216;216;15
2011;'11061801201; ;8;Subsecção;0;0;0;0;0;0;0;0
2011;'11061801202; ;8;Subsecção;0;0;0;0;0;0;0;0
2011;'11061801203; ;8;Subsecção;0;0;0;0;0;0;0;0
2011;'11061801301; ;8;Subsecção;6;6;6;0;0;6;6;0
2011;'11061801302; ;8;Subsecção;5;5;5;0;0;5;5;0
2011;'11061801303; ;8;Subsecção;184;184;184;0;0;131;131;22
2011;'11061801304; ;8;Subsecção;23;23;23;0;0;22;22;1
2011;'11061801305; ;8;Subsecção;36;36;36;0;0;30;30;3
2011;'11061801401; ;8;Subsecção;108;108;108;0;0;96;96;8
2011;'11061801402; ;8;Subsecção;115;115;115;0;0;97;97;13
2011;'11061801403; ;8;Subsecção;132;132;132;0;0;122;122;10
2011;'11061801501; ;8;Subsecção;360;360;360;0;0;309;309;21
2011;'11061801601; ;8;Subsecção;0;0;0;0;0;0;0;0
2011;'11061801602; ;8;Subsecção;226;226;226;0;0;200;200;13
2011;'11061801701; ;8;Subsecção;377;377;377;0;0;323;323;39
2011;'11061801801; ;8;Subsecção;79;79;79;0;0;65;65;8
2011;'11061801802; ;8;Subsecção;16;16;16;0;0;14;14;1
2011;'11061801803; ;8;Subsecção;35;35;35;0;0;28;28;5
2011;'11061801804; ;8;Subsecção;11;7;7;0;4;6;6;1
2011;'11061801805; ;8;Subsecção;32;32;32;0;0;13;13;17
2011;'11061801806; ;8;Subsecção;41;41;41;0;0;25;25;13
2011;'11061801807; ;8;Subsecção;27;27;27;0;0;18;18;7
2011;'11061801808; ;8;Subsecção;154;154;154;0;0;138;138;7
2011;'11061801901; ;8;Subsecção;9;9;9;0;0;7;7;0
2011;'11061801902; ;8;Subsecção;6;6;6;0;0;2;2;4
2011;'11061801903; ;8;Subsecção;0;0;0;0;0;0;0;0
2011;'11061801904; ;8;Subsecção;242;242;242;0;0;178;178;7
2011;'11061802001; ;8;Subsecção;113;113;113;0;0;94;94;10
2011;'11061802002; ;8;Subsecção;219;219;219;0;0;207;207;7
2011;'11061802101; ;8;Subsecção;5;5;5;0;0;3;3;2
2011;'11061802102; ;8;Subsecção;0;0;0;0;0;0;0;0
2011;'11061802103; ;8;Subsecção;30;30;30;0;0;23;23;7
2011;'11061802104; ;8;Subsecção;45;45;45;0;0;44;44;0
2011;'11061802105; ;8;Subsecção;262;262;262;0;0;185;185;69
2011;'11061802106; ;8;Subsecção;0;0;0;0;0;0;0;0
2011;'11061802201; ;8;Subsecção;0;0;0;0;0;0;0;0
2011;'11061802202; ;8;Subsecção;72;72;72;0;0;63;63;7
2011;'11061802203; ;8;Subsecção;215;214;214;0;1;192;192;21
2011;'11061802301; ;8;Subsecção;4;4;4;0;0;3;3;0
2011;'11061802302; ;8;Subsecção;90;90;90;0;0;83;83;1
2011;'11061802303; ;8;Subsecção;145;145;145;0;0;124;124;0
2011;'11061802304; ;8;Subsecção;0;0;0;0;0;0;0;0
2011;'11061802401; ;8;Subsecção;1;0;0;0;1;0;0;0
2011;'11061802402; ;8;Subsecção;226;226;226;0;0;181;181;12
2011;'11061802501; ;8;Subsecção;8;8;8;0;0;7;7;0
2011;'11061802502; ;8;Subsecção;0;0;0;0;0;0;0;0
2011;'11061802503; ;8;Subsecção;251;251;249;2;0;199;201;22
2011;'11061802601; ;8;Subsecção;193;192;192;0;1;157;157;12
2011;'11061802602; ;8;Subsecção;184;184;184;0;0;133;133;14
2011;'11061802701; ;8;Subsecção;203;203;203;0;0;171;171;7
2011;'11061802702; ;8;Subsecção;145;145;145;0;0;117;117;7
2011;'11061802801; ;8;Subsecção;148;148;147;1;0;122;123;4
2011;'11061802802; ;8;Subsecção;192;192;192;0;0;150;150;17
2011;'11061802901; ;8;Subsecção;102;102;102;0;0;72;72;6
2011;'11061802902; ;8;Subsecção;254;254;254;0;0;230;230;3
2011;'11061803001; ;8;Subsecção;90;90;90;0;0;81;81;3
2011;'11061803002; ;8;Subsecção;178;178;178;0;0;151;151;6
2011;'11061803003; ;8;Subsecção;0;0;0;0;0;0;0;0
2011;'11061803101; ;8;Subsecção;155;155;155;0;0;135;135;12
2011;'11061803102; ;8;Subsecção;0;0;0;0;0;0;0;0
2011;'11061803201; ;8;Subsecção;1;1;1;0;0;1;1;0
2011;'11061803202; ;8;Subsecção;199;199;199;0;0;138;138;1
2011;'11061803203; ;8;Subsecção;0;0;0;0;0;0;0;0
2011;'11061803301; ;8;Subsecção;0;0;0;0;0;0;0;0
2011;'11061803302; ;8;Subsecção;65;65;65;0;0;57;57;1
2011;'11061803303; ;8;Subsecção;48;48;48;0;0;44;44;2
2011;'11061803304; ;8;Subsecção;146;146;146;0;0;118;118;23
2011;'11061803401; ;8;Subsecção;349;349;349;0;0;273;273;12
2011;'11061803402; ;8;Subsecção;187;187;187;0;0;137;137;9
2011;'11061803501; ;8;Subsecção;136;136;136;0;0;101;101;26
2011;'11061803502; ;8;Subsecção;253;253;253;0;0;217;217;10
2011;'11061803601; ;8;Subsecção;0;0;0;0;0;0;0;0
2011;'11061803602; ;8;Subsecção;0;0;0;0;0;0;0;0
2011;'11061803603; ;8;Subsecção;128;128;128;0;0;112;112;0
2011;'11061803701; ;8;Subsecção;190;190;190;0;0;154;154;19
2011;'11061803801; ;8;Subsecção;64;64;64;0;0;47;47;5
2011;'11061803802; ;8;Subsecção;110;110;110;0;0;87;87;2
2011;'11061803803; ;8;Subsecção;98;98;98;0;0;81;81;5
2011;'11061803901; ;8;Subsecção;108;107;107;0;1;80;80;10
2011;'11061803902; ;8;Subsecção;79;79;79;0;0;71;71;6
2011;'11061803903; ;8;Subsecção;118;118;118;0;0;105;105;4
2011;'11061804001; ;8;Subsecção;180;180;180;0;0;146;146;6
2011;'11061804101; ;8;Subsecção;244;243;242;1;1;191;192;39
2011;'11061804102; ;8;Subsecção;96;96;96;0;0;78;78;7
2011;'11061804201; ;8;Subsecção;56;56;56;0;0;43;43;1
2011;'11061804202; ;8;Subsecção;38;38;38;0;0;34;34;1
2011;'11061804203; ;8;Subsecção;0;0;0;0;0;0;0;0
2011;'11061804204; ;8;Subsecção;20;20;20;0;0;16;16;3
2011;'11061804205; ;8;Subsecção;139;139;139;0;0;97;97;6
2011;'11061804301; ;8;Subsecção;103;103;103;0;0;89;89;7
2011;'11061804302; ;8;Subsecção;96;96;96;0;0;59;59;32
2011;'11061804303; ;8;Subsecção;105;105;105;0;0;82;82;13
2011;'11061804304; ;8;Subsecção;83;83;83;0;0;71;71;10
2011;'11061804401; ;8;Subsecção;157;157;157;0;0;124;124;11
2011;'11061804402; ;8;Subsecção;46;46;46;0;0;40;40;0
2011;'11061804403; ;8;Subsecção;40;40;40;0;0;38;38;1
2011;'11061804404; ;8;Subsecção;60;60;60;0;0;49;49;3
2011;'11061804501; ;8;Subsecção;323;322;322;0;1;247;247;38
2011;'11061804601; ;8;Subsecção;0;0;0;0;0;0;0;0
2011;'11061804602; ;8;Subsecção;200;200;200;0;0;148;148;17
2011;'11061804603; ;8;Subsecção;163;163;163;0;0;114;114;20
2011;'11061804701; ;8;Subsecção;138;138;138;0;0;124;124;1
2011;'11061804702; ;8;Subsecção;208;208;208;0;0;158;158;5
2011;'11061804801; ;8;Subsecção;94;93;93;0;1;82;82;8
2011;'11061804802; ;8;Subsecção;2;0;0;0;2;0;0;0
2011;'11061804901; ;8;Subsecção;182;182;182;0;0;132;132;21
2011;'11061804902; ;8;Subsecção;87;87;87;0;0;63;63;17
2011;'11061805001; ;8;Subsecção;0;0;0;0;0;0;0;0
2011;'11061805002; ;8;Subsecção;113;113;113;0;0;103;103;5
2011;'11061805003; ;8;Subsecção;113;113;113;0;0;97;97;8
2011;'11061805101; ;8;Subsecção;428;428;428;0;0;334;334;51
2011;'11061805201; ;8;Subsecção;563;563;563;0;0;417;417;34
2011;'11061805301; ;8;Subsecção;140;140;140;0;0;85;85;28
2011;'11061805302; ;8;Subsecção;102;102;102;0;0;71;71;18
2011;'11061805401; ;8;Subsecção;17;17;17;0;0;11;11;5
2011;'11061805402; ;8;Subsecção;250;250;250;0;0;201;201;14
2011;'11061805501; ;8;Subsecção;230;230;230;0;0;189;189;7
2011;'11061805601; ;8;Subsecção;270;270;270;0;0;215;215;29
2011;'11061805701; ;8;Subsecção;130;130;130;0;0;120;120;5
2011;'11061805702; ;8;Subsecção;46;46;46;0;0;37;37;0
2011;'11061805703; ;8;Subsecção;116;116;116;0;0;88;88;4
2011;'11061805801; ;8;Subsecção;187;187;187;0;0;149;149;9
2011;'11061805901; ;8;Subsecção;72;72;72;0;0;59;59;3
2011;'11061805902; ;8;Subsecção;24;23;23;0;1;21;21;0
2011;'11061805903; ;8;Subsecção;51;51;51;0;0;37;37;9
2011;'11061805904; ;8;Subsecção;104;104;104;0;0;72;72;7
2011;'11061806001; ;8;Subsecção;514;514;514;0;0;324;324;28
2011;'11061806101; ;8;Subsecção;88;88;88;0;0;80;80;2
2011;'11061806102; ;8;Subsecção;111;111;111;0;0;82;82;19
2011;'11061806103; ;8;Subsecção;0;0;0;0;0;0;0;0
2011;'11061806104; ;8;Subsecção;52;51;51;0;1;44;44;2
2011;'11061806201; ;8;Subsecção;413;413;413;0;0;279;279;91
2011;'11061806202; ;8;Subsecção;104;104;104;0;0;28;28;71
2011;'11061806301; ;8;Subsecção;0;0;0;0;0;0;0;0
2011;'11061806302; ;8;Subsecção;232;231;231;0;1;178;178;16
2011;'11061806401; ;8;Subsecção;414;414;414;0;0;335;335;40
2011;'11061806501; ;8;Subsecção;198;198;198;0;0;159;159;4
2011;'11061806502; ;8;Subsecção;106;105;105;0;1;78;78;11
2011;'11061806601; ;8;Subsecção;325;325;325;0;0;252;252;16
2011;'11061806701; ;8;Subsecção;14;14;14;0;0;13;13;0
2011;'11061806702; ;8;Subsecção;200;200;200;0;0;162;162;3
2011;'11061806801; ;8;Subsecção;113;113;113;0;0;78;78;18
2011;'11061806802; ;8;Subsecção;2;0;0;0;2;0;0;0
2011;'11061806803; ;8;Subsecção;71;71;71;0;0;60;60;8
2011;'11061806901; ;8;Subsecção;89;89;89;0;0;67;67;5
2011;'11061806902; ;8;Subsecção;121;121;121;0;0;103;103;2
2011;'11061806903; ;8;Subsecção;0;0;0;0;0;0;0;0
2011;'11061807001; ;8;Subsecção;111;111;111;0;0;95;95;7
2011;'11061807002; ;8;Subsecção;170;170;170;0;0;158;158;4
2011;'11061807101; ;8;Subsecção;198;198;198;0;0;158;158;13
2011;'11061807102; ;8;Subsecção;122;122;122;0;0;105;105;3
2011;'11061807201; ;8;Subsecção;83;83;83;0;0;58;58;9
2011;'11061807202; ;8;Subsecção;150;150;150;0;0;119;119;6
2011;'11061807301; ;8;Subsecção;0;0;0;0;0;0;0;0
2011;'11061807302; ;8;Subsecção;23;23;23;0;0;20;20;0
2011;'11061807303; ;8;Subsecção;177;177;177;0;0;153;153;7
2011;'11061807304; ;8;Subsecção;20;20;20;0;0;16;16;3
2011;'11061807401; ;8;Subsecção;84;84;84;0;0;69;69;9
2011;'11061807402; ;8;Subsecção;129;129;129;0;0;105;105;8
2011;'11061807403; ;8;Subsecção;150;150;150;0;0;115;115;3
2011;'11061900101; ;8;Subsecção;84;84;84;0;0;43;43;35
2011;'11061900102; ;8;Subsecção;41;41;41;0;0;24;24;17
2011;'11061900103; ;8;Subsecção;25;25;25;0;0;4;4;20
2011;'11061900104; ;8;Subsecção;40;40;40;0;0;14;14;23
2011;'11061900105; ;8;Subsecção;13;12;12;0;1;5;5;6
2011;'11061900106; ;8;Subsecção;0;0;0;0;0;0;0;0
2011;'11061900201; ;8;Subsecção;0;0;0;0;0;0;0;0
2011;'11061900202; ;8;Subsecção;13;12;12;0;1;4;4;6
2011;'11061900203; ;8;Subsecção;34;33;33;0;1;27;27;2
2011;'11061900204; ;8;Subsecção;1;1;1;0;0;1;1;0
2011;'11061900205; ;8;Subsecção;21;21;21;0;0;6;6;14
2011;'11061900206; ;8;Subsecção;39;39;39;0;0;9;9;30
2011;'11061900207; ;8;Subsecção;18;16;16;0;2;12;12;0
2011;'11061900208; ;8;Subsecção;8;8;8;0;0;0;0;8
2011;'11061900209; ;8;Subsecção;38;38;38;0;0;21;21;15
2011;'11061900210; ;8;Subsecção;0;0;0;0;0;0;0;0
2011;'11062000101; ;8;Subsecção;41;40;40;0;1;22;22;6
2011;'11062000102; ;8;Subsecção;36;36;36;0;0;9;9;9
2011;'11062000103; ;8;Subsecção;22;22;22;0;0;11;11;10
2011;'11062000104; ;8;Subsecção;16;15;15;0;1;10;10;3
2011;'11062000105; ;8;Subsecção;0;0;0;0;0;0;0;0
2011;'11062000106; ;8;Subsecção;19;18;18;0;1;14;14;4
2011;'11062000107; ;8;Subsecção;64;64;64;0;0;33;33;16
2011;'11062000108; ;8;Subsecção;37;35;35;0;2;21;21;9
2011;'11062000109; ;8;Subsecção;24;24;24;0;0;17;17;2
2011;'11062000110; ;8;Subsecção;67;67;67;0;0;23;23;11
2011;'11062100101; ;8;Subsecção;0;0;0;0;0;0;0;0
2011;'11062100102; ;8;Subsecção;258;258;258;0;0;203;203;28
2011;'11062100103; ;8;Subsecção;65;65;65;0;0;55;55;4
2011;'11062100201; ;8;Subsecção;0;0;0;0;0;0;0;0
2011;'11062100202; ;8;Subsecção;40;40;40;0;0;38;38;1
2011;'11062100203; ;8;Subsecção;170;170;170;0;0;151;151;14
2011;'11062100204; ;8;Subsecção;132;132;132;0;0;119;119;13
2011;'11062100301; ;8;Subsecção;257;257;257;0;0;241;241;7
2011;'11062100302; ;8;Subsecção;0;0;0;0;0;0;0;0
2011;'11062100303; ;8;Subsecção;124;124;124;0;0;109;109;7
2011;'11062100401; ;8;Subsecção;0;0;0;0;0;0;0;0
2011;'11062100402; ;8;Subsecção;0;0;0;0;0;0;0;0
2011;'11062100403; ;8;Subsecção;325;325;325;0;0;293;293;8
2011;'11062100501; ;8;Subsecção;277;277;276;1;0;233;234;35
2011;'11062100502; ;8;Subsecção;116;116;116;0;0;97;97;12
2011;'11062100601; ;8;Subsecção;5;4;4;0;1;2;2;0
2011;'11062100602; ;8;Subsecção;56;56;56;0;0;47;47;9
2011;'11062100701; ;8;Subsecção;2;1;1;0;1;1;1;0
2011;'11062100702; ;8;Subsecção;249;249;249;0;0;221;221;0
2011;'11062100801; ;8;Subsecção;1;0;0;0;1;0;0;0
2011;'11062100802; ;8;Subsecção;128;128;128;0;0;115;115;0
2011;'11062100803; ;8;Subsecção;123;123;123;0;0;109;109;0
2011;'11062100901; ;8;Subsecção;1;0;0;0;1;0;0;0
2011;'11062100902; ;8;Subsecção;303;303;301;2;0;264;266;29
2011;'11062101001; ;8;Subsecção;0;0;0;0;0;0;0;0
2011;'11062101002; ;8;Subsecção;160;160;160;0;0;132;132;11
2011;'11062101003; ;8;Subsecção;170;170;170;0;0;148;148;9
2011;'11062101004; ;8;Subsecção;21;21;21;0;0;15;15;3
2011;'11062101005; ;8;Subsecção;5;5;5;0;0;3;3;0
2011;'11062101101; ;8;Subsecção;121;121;121;0;0;92;92;18
2011;'11062101102; ;8;Subsecção;86;86;86;0;0;76;76;4
2011;'11062101103; ;8;Subsecção;148;148;148;0;0;127;127;5
2011;'11062101201; ;8;Subsecção;3;3;3;0;0;3;3;0
2011;'11062101202; ;8;Subsecção;104;104;104;0;0;65;65;18
2011;'11062101203; ;8;Subsecção;98;98;98;0;0;57;57;32
2011;'11062101204; ;8;Subsecção;21;21;21;0;0;14;14;5
2011;'11062101301; ;8;Subsecção;60;60;59;1;0;50;51;7
2011;'11062101302; ;8;Subsecção;336;336;335;1;0;300;301;33
2011;'11062101401; ;8;Subsecção;185;185;185;0;0;154;154;6
2011;'11062101402; ;8;Subsecção;98;98;98;0;0;94;94;1
2011;'11062101501; ;8;Subsecção;254;254;254;0;0;219;219;6
2011;'11062101502; ;8;Subsecção;0;0;0;0;0;0;0;0
2011;'11062101503; ;8;Subsecção;95;95;95;0;0;89;89;0
2011;'11062101601; ;8;Subsecção;90;90;90;0;0;33;33;51
2011;'11062101602; ;8;Subsecção;70;70;70;0;0;65;65;3
2011;'11062101603; ;8;Subsecção;96;96;96;0;0;81;81;8
2011;'11062101701; ;8;Subsecção;153;153;153;0;0;139;139;7
2011;'11062101702; ;8;Subsecção;211;211;211;0;0;167;167;16
2011;'11062101801; ;8;Subsecção;254;254;254;0;0;217;217;8
2011;'11062101901; ;8;Subsecção;82;82;82;0;0;70;70;2
2011;'11062101902; ;8;Subsecção;20;20;19;1;0;16;17;0
2011;'11062101903; ;8;Subsecção;140;140;140;0;0;126;126;1
2011;'11062102001; ;8;Subsecção;244;244;243;1;0;218;219;17
2011;'11062102002; ;8;Subsecção;0;0;0;0;0;0;0;0
2011;'11062102003; ;8;Subsecção;88;88;88;0;0;74;74;6
2011;'11062102101; ;8;Subsecção;188;188;188;0;0;175;175;4
2011;'11062102102; ;8;Subsecção;70;70;70;0;0;68;68;0
2011;'11062102201; ;8;Subsecção;97;97;97;0;0;86;86;6
2011;'11062102202; ;8;Subsecção;144;144;144;0;0;125;125;7
2011;'11062102301; ;8;Subsecção;229;229;226;3;0;209;212;14
2011;'11062102302; ;8;Subsecção;0;0;0;0;0;0;0;0
2011;'11062102303; ;8;Subsecção;71;71;70;1;0;61;62;9
2011;'11062102401; ;8;Subsecção;208;208;208;0;0;193;193;6
2011;'11062102402; ;8;Subsecção;0;0;0;0;0;0;0;0
2011;'11062102403; ;8;Subsecção;208;208;208;0;0;169;169;2
2011;'11062102501; ;8;Subsecção;5;5;5;0;0;5;5;0
2011;'11062102502; ;8;Subsecção;80;80;80;0;0;63;63;12
2011;'11062102503; ;8;Subsecção;151;151;151;0;0;101;101;32
2011;'11062102504; ;8;Subsecção;164;164;164;0;0;92;92;56
2011;'11062102505; ;8;Subsecção;110;110;110;0;0;101;101;3
2011;'11062102601; ;8;Subsecção;146;146;146;0;0;119;119;7
2011;'11062102602; ;8;Subsecção;121;121;121;0;0;95;95;17
2011;'11062102603; ;8;Subsecção;8;8;8;0;0;8;8;0
2011;'11062102604; ;8;Subsecção;14;14;14;0;0;13;13;1
2011;'11062102605; ;8;Subsecção;21;21;21;0;0;19;19;0
2011;'11062102606; ;8;Subsecção;13;13;13;0;0;10;10;0
2011;'11062102607; ;8;Subsecção;8;8;8;0;0;7;7;1
2011;'11062102608; ;8;Subsecção;39;39;39;0;0;29;29;6
2011;'11062102701; ;8;Subsecção;411;411;411;0;0;254;254;126
2011;'11062102801; ;8;Subsecção;305;305;305;0;0;234;234;58
2011;'11062102802; ;8;Subsecção;0;0;0;0;0;0;0;0
2011;'11062102803; ;8;Subsecção;22;22;22;0;0;19;19;3
2011;'11062102804; ;8;Subsecção;28;28;28;0;0;20;20;7
2011;'11062102901; ;8;Subsecção;176;176;176;0;0;147;147;21
2011;'11062102902; ;8;Subsecção;133;133;133;0;0;112;112;8
2011;'11062103001; ;8;Subsecção;122;122;122;0;0;95;95;13
2011;'11062103002; ;8;Subsecção;257;257;257;0;0;202;202;32
2011;'11062103101; ;8;Subsecção;51;51;51;0;0;34;34;5
2011;'11062103102; ;8;Subsecção;79;79;79;0;0;57;57;9
2011;'11062103103; ;8;Subsecção;87;87;87;0;0;74;74;7
2011;'11062103104; ;8;Subsecção;4;4;4;0;0;2;2;2
2011;'11062103105; ;8;Subsecção;2;2;2;0;0;0;0;2
2011;'11062103106; ;8;Subsecção;0;0;0;0;0;0;0;0
2011;'11062103107; ;8;Subsecção;19;19;19;0;0;9;9;10
2011;'11062103108; ;8;Subsecção;0;0;0;0;0;0;0;0
2011;'11062103109; ;8;Subsecção;7;7;7;0;0;7;7;0
2011;'11062103110; ;8;Subsecção;5;5;5;0;0;3;3;2
2011;'11062103201; ;8;Subsecção;192;192;192;0;0;144;144;32
2011;'11062103202; ;8;Subsecção;0;0;0;0;0;0;0;0
2011;'11062103203; ;8;Subsecção;120;120;120;0;0;99;99;2
2011;'11062103204; ;8;Subsecção;83;83;83;0;0;63;63;0
2011;'11062103301; ;8;Subsecção;1;0;0;0;1;0;0;0
2011;'11062103302; ;8;Subsecção;439;439;437;2;0;382;384;14
2011;'11062103401; ;8;Subsecção;157;157;157;0;0;136;136;12
2011;'11062103402; ;8;Subsecção;163;163;163;0;0;145;145;14
2011;'11062103501; ;8;Subsecção;15;15;14;1;0;11;12;2
2011;'11062103502; ;8;Subsecção;38;38;38;0;0;30;30;7
2011;'11062103503; ;8;Subsecção;215;213;213;0;2;167;167;30
2011;'11062103504; ;8;Subsecção;0;0;0;0;0;0;0;0
2011;'11062103601; ;8;Subsecção;176;176;176;0;0;166;166;6
2011;'11062103602; ;8;Subsecção;145;145;145;0;0;122;122;9
2011;'11062103701; ;8;Subsecção;227;227;227;0;0;206;206;10
2011;'11062103801; ;8;Subsecção;0;0;0;0;0;0;0;0
2011;'11062103802; ;8;Subsecção;349;349;349;0;0;310;310;37
2011;'11062103901; ;8;Subsecção;32;32;32;0;0;31;31;0
2011;'11062103902; ;8;Subsecção;24;24;24;0;0;21;21;0
2011;'11062103903; ;8;Subsecção;80;80;80;0;0;72;72;6
2011;'11062103904; ;8;Subsecção;44;44;44;0;0;43;43;0
2011;'11062103905; ;8;Subsecção;96;96;96;0;0;93;93;1
2011;'11062103906; ;8;Subsecção;12;12;12;0;0;11;11;0
2011;'11062103907; ;8;Subsecção;44;44;44;0;0;42;42;0
2011;'11062104001; ;8;Subsecção;0;0;0;0;0;0;0;0
2011;'11062104002; ;8;Subsecção;10;10;10;0;0;2;2;7
2011;'11062104003; ;8;Subsecção;176;176;176;0;0;151;151;16
2011;'11062104004; ;8;Subsecção;136;136;136;0;0;120;120;2
2011;'11062104101; ;8;Subsecção;179;179;177;2;0;165;167;10
2011;'11062104201; ;8;Subsecção;20;20;20;0;0;19;19;0
2011;'11062104202; ;8;Subsecção;10;9;9;0;1;9;9;0
2011;'11062104203; ;8;Subsecção;108;108;108;0;0;92;92;0
2011;'11062104204; ;8;Subsecção;84;84;84;0;0;69;69;0
2011;'11062104301; ;8;Subsecção;430;430;430;0;0;370;370;0
2011;'11062104401; ;8;Subsecção;5;5;5;0;0;4;4;0
2011;'11062104402; ;8;Subsecção;0;0;0;0;0;0;0;0
2011;'11062104403; ;8;Subsecção;236;234;234;0;2;194;194;25
2011;'11062104501; ;8;Subsecção;192;191;191;0;1;181;181;5
2011;'11062104502; ;8;Subsecção;147;147;147;0;0;120;120;10
2011;'11062104601; ;8;Subsecção;1;1;1;0;0;1;1;0
2011;'11062104602; ;8;Subsecção;243;243;242;1;0;216;217;26
2011;'11062104603; ;8;Subsecção;70;70;70;0;0;48;48;20
2011;'11062104701; ;8;Subsecção;88;88;88;0;0;79;79;5
2011;'11062104702; ;8;Subsecção;1;1;1;0;0;0;0;0
2011;'11062104801; ;8;Subsecção;0;0;0;0;0;0;0;0
2011;'11062104802; ;8;Subsecção;189;189;189;0;0;128;128;44
2011;'11062104803; ;8;Subsecção;128;128;126;2;0;100;102;24
2011;'11062104901; ;8;Subsecção;280;280;280;0;0;256;256;20
2011;'11062104902; ;8;Subsecção;0;0;0;0;0;0;0;0
2011;'11062105001; ;8;Subsecção;153;153;153;0;0;96;96;24
2011;'11062105002; ;8;Subsecção;82;82;82;0;0;57;57;15
2011;'11062105101; ;8;Subsecção;55;55;55;0;0;43;43;12
2011;'11062105102; ;8;Subsecção;0;0;0;0;0;0;0;0
2011;'11062105103; ;8;Subsecção;0;0;0;0;0;0;0;0
2011;'11062105104; ;8;Subsecção;104;104;104;0;0;85;85;16
2011;'11062105201; ;8;Subsecção;272;272;271;1;0;249;250;7
2011;'11062105202; ;8;Subsecção;81;81;81;0;0;77;77;4
2011;'11062105301; ;8;Subsecção;0;0;0;0;0;0;0;0
2011;'11062105302; ;8;Subsecção;78;78;78;0;0;74;74;2
2011;'11062105303; ;8;Subsecção;134;134;134;0;0;122;122;1
2011;'11062105304; ;8;Subsecção;48;48;48;0;0;44;44;1
2011;'11062105305; ;8;Subsecção;0;0;0;0;0;0;0;0
2011;'11062105306; ;8;Subsecção;2;1;1;0;1;1;1;0
2011;'11062105401; ;8;Subsecção;0;0;0;0;0;0;0;0
2011;'11062105402; ;8;Subsecção;100;100;100;0;0;83;83;13
2011;'11062105403; ;8;Subsecção;0;0;0;0;0;0;0;0
2011;'11062105404; ;8;Subsecção;19;19;19;0;0;19;19;0
2011;'11062105405; ;8;Subsecção;49;49;49;0;0;46;46;1
2011;'11062105406; ;8;Subsecção;12;12;12;0;0;9;9;1
2011;'11062105407; ;8;Subsecção;0;0;0;0;0;0;0;0
2011;'11062105501; ;8;Subsecção;3;3;3;0;0;2;2;1
2011;'11062105502; ;8;Subsecção;47;47;47;0;0;45;45;2
2011;'11062105503; ;8;Subsecção;48;48;48;0;0;44;44;3
2011;'11062105504; ;8;Subsecção;97;97;97;0;0;83;83;13
2011;'11062105505; ;8;Subsecção;64;64;64;0;0;53;53;7
2011;'11062200101; ;8;Subsecção;45;45;45;0;0;27;27;13
2011;'11062200102; ;8;Subsecção;53;52;52;0;1;23;23;20
2011;'11062200103; ;8;Subsecção;57;57;57;0;0;40;40;12
2011;'11062200104; ;8;Subsecção;43;43;43;0;0;19;19;18
2011;'11062200105; ;8;Subsecção;87;87;87;0;0;46;46;25
2011;'11062200201; ;8;Subsecção;138;138;138;0;0;97;97;25
2011;'11062200202; ;8;Subsecção;116;116;116;0;0;68;68;32
2011;'11062200203; ;8;Subsecção;27;27;27;0;0;20;20;6
2011;'11062200204; ;8;Subsecção;50;50;50;0;0;32;32;12
2011;'11062200301; ;8;Subsecção;72;72;72;0;0;52;52;10
2011;'11062200302; ;8;Subsecção;251;251;251;0;0;131;131;82
2011;'11062200401; ;8;Subsecção;143;143;143;0;0;99;99;33
2011;'11062200402; ;8;Subsecção;68;68;68;0;0;36;36;27
2011;'11062200403; ;8;Subsecção;112;112;112;0;0;80;80;23
2011;'11062200501; ;8;Subsecção;112;112;112;0;0;61;61;28
2011;'11062200502; ;8;Subsecção;79;79;79;0;0;50;50;14
2011;'11062200503; ;8;Subsecção;2;1;1;0;1;0;0;1
2011;'11062200504; ;8;Subsecção;88;88;88;0;0;60;60;15
2011;'11062200505; ;8;Subsecção;53;53;53;0;0;34;34;18
2011;'11062200601; ;8;Subsecção;204;204;204;0;0;133;133;57
2011;'11062200602; ;8;Subsecção;129;129;129;0;0;87;87;33
2011;'11062200603; ;8;Subsecção;9;9;9;0;0;6;6;2
2011;'11062200701; ;8;Subsecção;186;186;183;3;0;130;133;37
2011;'11062200702; ;8;Subsecção;70;70;70;0;0;46;46;13
2011;'11062200703; ;8;Subsecção;69;69;65;4;0;50;54;5
2011;'11062200801; ;8;Subsecção;158;158;158;0;0;104;104;42
2011;'11062200802; ;8;Subsecção;20;20;20;0;0;11;11;5
2011;'11062200803; ;8;Subsecção;54;53;53;0;1;38;38;7
2011;'11062200804; ;8;Subsecção;6;6;6;0;0;4;4;0
2011;'11062200805; ;8;Subsecção;91;91;91;0;0;53;53;27
2011;'11062200901; ;8;Subsecção;61;61;61;0;0;39;39;22
2011;'11062200902; ;8;Subsecção;129;129;129;0;0;91;91;37
2011;'11062200903; ;8;Subsecção;92;92;92;0;0;60;60;30
2011;'11062200904; ;8;Subsecção;64;64;64;0;0;39;39;24
2011;'11062201001; ;8;Subsecção;117;117;117;0;0;67;67;36
2011;'11062201002; ;8;Subsecção;197;196;196;0;1;132;132;49
2011;'11062300101; ;8;Subsecção;36;36;36;0;0;30;30;3
2011;'11062300102; ;8;Subsecção;121;121;121;0;0;86;86;22
2011;'11062300103; ;8;Subsecção;56;54;54;0;2;33;33;3
2011;'11062300104; ;8;Subsecção;2;0;0;0;2;0;0;0
2011;'11062300201; ;8;Subsecção;815;806;806;0;9;435;435;268
2011;'11062300301; ;8;Subsecção;103;103;103;0;0;74;74;20
2011;'11062300302; ;8;Subsecção;62;62;62;0;0;31;31;22
2011;'11062300303; ;8;Subsecção;3;0;0;0;3;0;0;0
2011;'11062300304; ;8;Subsecção;54;54;54;0;0;49;49;4
2011;'11062300305; ;8;Subsecção;135;135;135;0;0;104;104;10
2011;'11062300401; ;8;Subsecção;23;23;23;0;0;20;20;3
2011;'11062300402; ;8;Subsecção;116;116;116;0;0;70;70;35
2011;'11062300403; ;8;Subsecção;1;0;0;0;1;0;0;0
2011;'11062300404; ;8;Subsecção;88;88;88;0;0;14;14;62
2011;'11062300405; ;8;Subsecção;118;118;118;0;0;77;77;21
2011;'11062300501; ;8;Subsecção;92;91;91;0;1;60;60;11
2011;'11062300502; ;8;Subsecção;265;264;264;0;1;208;208;13
2011;'11062300601; ;8;Subsecção;92;92;92;0;0;63;63;13
2011;'11062300602; ;8;Subsecção;108;108;108;0;0;64;64;25
2011;'11062300603; ;8;Subsecção;74;74;74;0;0;37;37;14
2011;'11062300701; ;8;Subsecção;400;400;400;0;0;284;284;63
2011;'11062300801; ;8;Subsecção;142;142;142;0;0;116;116;9
2011;'11062300802; ;8;Subsecção;174;174;174;0;0;107;107;50
2011;'11062300901; ;8;Subsecção;2;2;2;0;0;2;2;0
2011;'11062300902; ;8;Subsecção;224;224;224;0;0;146;146;27
2011;'11062301001; ;8;Subsecção;0;0;0;0;0;0;0;0
2011;'11062301002; ;8;Subsecção;123;123;123;0;0;85;85;26
2011;'11062301003; ;8;Subsecção;67;66;66;0;1;48;48;13
2011;'11062301004; ;8;Subsecção;108;107;107;0;1;76;76;22
2011;'11062301101; ;8;Subsecção;174;174;174;0;0;114;114;29
2011;'11062301102; ;8;Subsecção;145;145;145;0;0;95;95;22
2011;'11062301103; ;8;Subsecção;22;22;22;0;0;11;11;8
2011;'11062301201; ;8;Subsecção;139;138;138;0;1;83;83;22
2011;'11062301202; ;8;Subsecção;166;165;165;0;1;107;107;16
2011;'11062301203; ;8;Subsecção;52;52;52;0;0;37;37;9
2011;'11062301301; ;8;Subsecção;1;0;0;0;1;0;0;0
2011;'11062301302; ;8;Subsecção;101;101;101;0;0;75;75;12
2011;'11062301303; ;8;Subsecção;183;181;181;0;2;113;113;43
2011;'11062301401; ;8;Subsecção;156;156;156;0;0;108;108;21
2011;'11062301402; ;8;Subsecção;79;79;79;0;0;67;67;1
2011;'11062301403; ;8;Subsecção;87;87;87;0;0;51;51;22
2011;'11062301501; ;8;Subsecção;0;0;0;0;0;0;0;0
2011;'11062301502; ;8;Subsecção;101;101;101;0;0;50;50;37
2011;'11062301503; ;8;Subsecção;96;96;96;0;0;69;69;18
2011;'11062301601; ;8;Subsecção;102;102;102;0;0;77;77;13
2011;'11062301602; ;8;Subsecção;210;210;210;0;0;141;141;21
2011;'11062301701; ;8;Subsecção;135;135;135;0;0;101;101;9
2011;'11062301702; ;8;Subsecção;121;121;121;0;0;87;87;5
2011;'11062301703; ;8;Subsecção;100;99;99;0;1;69;69;10
2011;'11062301801; ;8;Subsecção;91;91;91;0;0;58;58;25
2011;'11062301802; ;8;Subsecção;29;28;28;0;1;17;17;6
2011;'11062301803; ;8;Subsecção;105;103;103;0;2;57;57;41
2011;'11062301901; ;8;Subsecção;0;0;0;0;0;0;0;0
2011;'11062301902; ;8;Subsecção;102;102;102;0;0;78;78;15
2011;'11062301903; ;8;Subsecção;127;127;127;0;0;85;85;30
2011;'11062301904; ;8;Subsecção;53;53;53;0;0;41;41;6
2011;'11062301905; ;8;Subsecção;11;11;11;0;0;6;6;5
2011;'11062302001; ;8;Subsecção;88;87;87;0;1;46;46;25
2011;'11062302002; ;8;Subsecção;211;210;210;0;1;143;143;47
2011;'11062302101; ;8;Subsecção;113;112;112;0;1;91;91;11
2011;'11062302102; ;8;Subsecção;122;122;122;0;0;72;72;38
2011;'11062302201; ;8;Subsecção;37;37;37;0;0;27;27;7
2011;'11062302202; ;8;Subsecção;63;63;62;1;0;38;39;11
2011;'11062302203; ;8;Subsecção;110;109;109;0;1;74;74;25
2011;'11062302204; ;8;Subsecção;81;81;81;0;0;52;52;18
2011;'11062302301; ;8;Subsecção;68;67;67;0;1;45;45;19
2011;'11062302302; ;8;Subsecção;190;188;188;0;2;122;122;55
2011;'11062302401; ;8;Subsecção;241;240;240;0;1;145;145;51
2011;'11062302402; ;8;Subsecção;42;42;42;0;0;25;25;13
2011;'11062302501; ;8;Subsecção;52;52;52;0;0;41;41;6
2011;'11062302502; ;8;Subsecção;244;244;244;0;0;172;172;33
2011;'11062302601; ;8;Subsecção;101;101;101;0;0;75;75;17
2011;'11062302602; ;8;Subsecção;155;154;154;0;1;119;119;28
2011;'11062302603; ;8;Subsecção;0;0;0;0;0;0;0;0
2011;'11062302604; ;8;Subsecção;0;0;0;0;0;0;0;0
2011;'11062302701; ;8;Subsecção;1;1;1;0;0;1;1;0
2011;'11062302702; ;8;Subsecção;249;246;246;0;3;170;170;45
2011;'11062302801; ;8;Subsecção;89;89;89;0;0;72;72;12
2011;'11062302802; ;8;Subsecção;173;173;173;0;0;104;104;49
2011;'11062302901; ;8;Subsecção;212;212;212;0;0;157;157;40
2011;'11062302902; ;8;Subsecção;106;102;102;0;4;69;69;27
2011;'11062303001; ;8;Subsecção;141;141;141;0;0;102;102;27
2011;'11062303002; ;8;Subsecção;141;139;139;0;2;97;97;35
2011;'11062303101; ;8;Subsecção;86;85;85;0;1;51;51;27
2011;'11062303201; ;8;Subsecção;63;63;63;0;0;44;44;14
2011;'11062303202; ;8;Subsecção;63;62;62;0;1;38;38;20
2011;'11062303301; ;8;Subsecção;204;203;203;0;1;139;139;21
2011;'11062303401; ;8;Subsecção;224;223;223;0;1;130;130;62
2011;'11062303501; ;8;Subsecção;66;64;64;0;2;44;44;3
2011;'11062303502; ;8;Subsecção;87;86;86;0;1;67;67;7
2011;'11062303601; ;8;Subsecção;327;327;327;0;0;189;189;74
2011;'11062400101; ;8;Subsecção;149;147;146;1;2;79;80;28
2011;'11062400102; ;8;Subsecção;121;120;120;0;1;78;78;21
2011;'11062400201; ;8;Subsecção;141;140;140;0;1;90;90;44
2011;'11062400202; ;8;Subsecção;149;149;149;0;0;104;104;40
2011;'11062400301; ;8;Subsecção;243;243;243;0;0;161;161;33
2011;'11062400302; ;8;Subsecção;55;54;54;0;1;27;27;3
2011;'11062400401; ;8;Subsecção;179;176;176;0;3;125;125;24
2011;'11062400402; ;8;Subsecção;150;150;150;0;0;91;91;37
2011;'11062400403; ;8;Subsecção;71;71;71;0;0;54;54;10
2011;'11062400501; ;8;Subsecção;50;50;50;0;0;25;25;19
2011;'11062400502; ;8;Subsecção;19;19;19;0;0;16;16;3
2011;'11062400503; ;8;Subsecção;56;56;56;0;0;14;14;40
2011;'11062400504; ;8;Subsecção;64;63;63;0;1;34;34;20
2011;'11062400505; ;8;Subsecção;73;73;73;0;0;52;52;12
2011;'11062400506; ;8;Subsecção;39;39;39;0;0;28;28;8
2011;'11062400601; ;8;Subsecção;357;356;356;0;1;232;232;91
2011;'11062400701; ;8;Subsecção;132;132;132;0;0;91;91;17
2011;'11062400702; ;8;Subsecção;125;125;125;0;0;82;82;19
2011;'11062400703; ;8;Subsecção;0;0;0;0;0;0;0;0
2011;'11062400704; ;8;Subsecção;6;6;6;0;0;1;1;5
2011;'11062400705; ;8;Subsecção;33;33;33;0;0;27;27;3
2011;'11062400801; ;8;Subsecção;130;130;130;0;0;85;85;27
2011;'11062400802; ;8;Subsecção;92;92;92;0;0;56;56;22
2011;'11062400803; ;8;Subsecção;27;27;27;0;0;9;9;17
2011;'11062400804; ;8;Subsecção;36;36;36;0;0;22;22;12
2011;'11062400805; ;8;Subsecção;23;23;23;0;0;15;15;6
2011;'11062400806; ;8;Subsecção;6;6;6;0;0;5;5;0
2011;'11062400901; ;8;Subsecção;56;56;56;0;0;31;31;17
2011;'11062400902; ;8;Subsecção;40;38;38;0;2;23;23;9
2011;'11062400903; ;8;Subsecção;30;30;30;0;0;13;13;13
2011;'11062400904; ;8;Subsecção;86;86;86;0;0;48;48;18
2011;'11062400905; ;8;Subsecção;37;37;37;0;0;26;26;5
2011;'11062400906; ;8;Subsecção;75;74;74;0;1;48;48;10
2011;'11062401001; ;8;Subsecção;187;187;187;0;0;97;97;50
2011;'11062401002; ;8;Subsecção;42;42;42;0;0;20;20;21
2011;'11062401003; ;8;Subsecção;50;50;50;0;0;22;22;5
2011;'11062401101; ;8;Subsecção;136;136;135;1;0;77;78;43
2011;'11062401102; ;8;Subsecção;81;81;81;0;0;34;34;36
2011;'11062401103; ;8;Subsecção;95;95;95;0;0;36;36;53
2011;'11062401104; ;8;Subsecção;77;77;77;0;0;32;32;38
2011;'11062500101; ;8;Subsecção;194;194;194;0;0;123;123;53
2011;'11062500102; ;8;Subsecção;209;209;209;0;0;136;136;60
2011;'11062500201; ;8;Subsecção;190;190;190;0;0;142;142;36
2011;'11062500301; ;8;Subsecção;328;328;328;0;0;211;211;58
2011;'11062500401; ;8;Subsecção;341;339;338;1;2;239;240;58
2011;'11062500501; ;8;Subsecção;190;190;189;1;0;142;143;31
2011;'11062500601; ;8;Subsecção;401;401;401;0;0;265;265;93
2011;'11062500701; ;8;Subsecção;330;328;328;0;2;233;233;55
2011;'11062500801; ;8;Subsecção;264;264;264;0;0;197;197;30
2011;'11062500901; ;8;Subsecção;254;254;254;0;0;191;191;27
2011;'11062501001; ;8;Subsecção;260;260;260;0;0;180;180;35
2011;'11062501101; ;8;Subsecção;174;174;174;0;0;133;133;32
2011;'11062501102; ;8;Subsecção;123;123;123;0;0;83;83;26
2011;'11062501201; ;8;Subsecção;483;482;482;0;1;327;327;90
2011;'11062501301; ;8;Subsecção;82;82;82;0;0;55;55;19
2011;'11062501302; ;8;Subsecção;278;278;278;0;0;204;204;41
2011;'11062501401; ;8;Subsecção;29;29;29;0;0;25;25;4
2011;'11062501402; ;8;Subsecção;117;117;117;0;0;87;87;20
2011;'11062501403; ;8;Subsecção;158;158;158;0;0;97;97;45
2011;'11062501501; ;8;Subsecção;238;238;238;0;0;211;211;9
2011;'11062501601; ;8;Subsecção;230;230;230;0;0;174;174;46
2011;'11062501602; ;8;Subsecção;35;35;35;0;0;21;21;9
2011;'11062501701; ;8;Subsecção;184;184;184;0;0;136;136;30
2011;'11062501702; ;8;Subsecção;102;102;102;0;0;76;76;11
2011;'11062501801; ;8;Subsecção;440;440;440;0;0;348;348;53
2011;'11062501901; ;8;Subsecção;76;74;74;0;2;62;62;7
2011;'11062501902; ;8;Subsecção;99;99;99;0;0;78;78;17
2011;'11062501903; ;8;Subsecção;62;62;62;0;0;48;48;6
2011;'11062502001; ;8;Subsecção;423;423;423;0;0;327;327;63
2011;'11062502101; ;8;Subsecção;349;349;349;0;0;236;236;32
2011;'11062502201; ;8;Subsecção;153;153;153;0;0;114;114;26
2011;'11062502202; ;8;Subsecção;79;79;78;1;0;48;49;25
2011;'11062502203; ;8;Subsecção;33;33;33;0;0;22;22;11
2011;'11062502301; ;8;Subsecção;74;74;74;0;0;62;62;1
2011;'11062502302; ;8;Subsecção;148;148;148;0;0;117;117;9
2011;'11062502303; ;8;Subsecção;21;21;21;0;0;15;15;1
2011;'11062502304; ;8;Subsecção;22;22;22;0;0;19;19;0
2011;'11062502305; ;8;Subsecção;24;24;24;0;0;16;16;1
2011;'11062502306; ;8;Subsecção;24;24;24;0;0;18;18;1
2011;'11062502401; ;8;Subsecção;254;254;254;0;0;206;206;17
2011;'11062502501; ;8;Subsecção;100;100;100;0;0;67;67;14
2011;'11062502502; ;8;Subsecção;128;128;128;0;0;87;87;11
2011;'11062502503; ;8;Subsecção;99;99;99;0;0;64;64;17
2011;'11062502601; ;8;Subsecção;514;513;513;0;1;366;366;94
2011;'11062600101; ;8;Subsecção;0;0;0;0;0;0;0;0
2011;'11062600102; ;8;Subsecção;41;41;41;0;0;20;20;18
2011;'11062600103; ;8;Subsecção;31;31;31;0;0;17;17;12
2011;'11062600104; ;8;Subsecção;49;49;49;0;0;31;31;12
2011;'11062600105; ;8;Subsecção;64;64;64;0;0;55;55;8
2011;'11062600106; ;8;Subsecção;79;79;79;0;0;46;46;27
2011;'11062600201; ;8;Subsecção;341;341;341;0;0;255;255;47
2011;'11062600301; ;8;Subsecção;329;329;329;0;0;205;205;75
2011;'11062600401; ;8;Subsecção;154;154;154;0;0;139;139;14
2011;'11062600402; ;8;Subsecção;0;0;0;0;0;0;0;0
2011;'11062600403; ;8;Subsecção;12;12;12;0;0;6;6;5
2011;'11062600404; ;8;Subsecção;74;74;74;0;0;53;53;17
2011;'11062600405; ;8;Subsecção;35;35;35;0;0;19;19;12
2011;'11062600501; ;8;Subsecção;340;340;329;11;0;220;231;70
2011;'11062600601; ;8;Subsecção;4;3;3;0;1;0;0;0
2011;'11062600602; ;8;Subsecção;190;189;189;0;1;137;137;34
2011;'11062600701; ;8;Subsecção;425;424;424;0;1;264;264;104
2011;'11062600801; ;8;Subsecção;43;42;42;0;1;37;37;3
2011;'11062600802; ;8;Subsecção;89;89;89;0;0;63;63;15
2011;'11062600803; ;8;Subsecção;48;48;48;0;0;35;35;9
2011;'11062600804; ;8;Subsecção;65;65;65;0;0;40;40;17
2011;'11062600805; ;8;Subsecção;40;40;40;0;0;22;22;10
2011;'11062600901; ;8;Subsecção;174;174;174;0;0;115;115;42
2011;'11062600902; ;8;Subsecção;150;150;149;1;0;111;112;21
2011;'11062601001; ;8;Subsecção;198;198;198;0;0;122;122;55
2011;'11062601002; ;8;Subsecção;50;50;50;0;0;30;30;11
2011;'11062601003; ;8;Subsecção;14;14;14;0;0;6;6;0
2011;'11062601004; ;8;Subsecção;30;30;30;0;0;16;16;3
2011;'11062601101; ;8;Subsecção;38;38;38;0;0;23;23;5
2011;'11062601102; ;8;Subsecção;134;134;134;0;0;77;77;40
2011;'11062601103; ;8;Subsecção;63;63;63;0;0;27;27;1
2011;'11062601104; ;8;Subsecção;81;81;80;1;0;34;35;38
2011;'11062601201; ;8;Subsecção;101;101;101;0;0;64;64;20
2011;'11062601202; ;8;Subsecção;61;61;61;0;0;38;38;10
2011;'11062601203; ;8;Subsecção;18;18;18;0;0;13;13;4
2011;'11062601204; ;8;Subsecção;42;42;42;0;0;25;25;9
2011;'11062601205; ;8;Subsecção;9;9;9;0;0;9;9;0
2011;'11062601206; ;8;Subsecção;28;27;27;0;1;17;17;7
2011;'11062601301; ;8;Subsecção;17;16;16;0;1;8;8;8
2011;'11062601302; ;8;Subsecção;106;106;106;0;0;66;66;27
2011;'11062601303; ;8;Subsecção;122;120;120;0;2;77;77;28
2011;'11062601304; ;8;Subsecção;0;0;0;0;0;0;0;0
2011;'11062601305; ;8;Subsecção;1;0;0;0;1;0;0;0
2011;'11062601401; ;8;Subsecção;29;29;29;0;0;21;21;2
2011;'11062601402; ;8;Subsecção;63;63;63;0;0;43;43;14
2011;'11062601403; ;8;Subsecção;42;42;42;0;0;24;24;10
2011;'11062601404; ;8;Subsecção;52;52;52;0;0;30;30;20
2011;'11062601405; ;8;Subsecção;35;35;35;0;0;27;27;1
2011;'11062601501; ;8;Subsecção;257;257;257;0;0;184;184;50
2011;'11062601502; ;8;Subsecção;54;54;54;0;0;39;39;12
2011;'11062601601; ;8;Subsecção;60;60;60;0;0;48;48;5
2011;'11062601602; ;8;Subsecção;73;73;73;0;0;54;54;12
2011;'11062601603; ;8;Subsecção;105;104;104;0;1;86;86;17
2011;'11062601604; ;8;Subsecção;53;53;53;0;0;41;41;11
2011;'11062601701; ;8;Subsecção;6;6;6;0;0;5;5;0
2011;'11062601702; ;8;Subsecção;22;22;22;0;0;15;15;3
2011;'11062601703; ;8;Subsecção;18;18;18;0;0;15;15;2
2011;'11062601704; ;8;Subsecção;38;38;38;0;0;29;29;6
2011;'11062601705; ;8;Subsecção;67;67;67;0;0;49;49;13
2011;'11062601706; ;8;Subsecção;5;5;5;0;0;4;4;1
2011;'11062601707; ;8;Subsecção;80;78;78;0;2;52;52;20
2011;'11062700101; ;8;Subsecção;53;49;49;0;4;19;19;18
2011;'11062700102; ;8;Subsecção;95;95;95;0;0;65;65;16
2011;'11062700103; ;8;Subsecção;29;29;29;0;0;19;19;7
2011;'11062700104; ;8;Subsecção;21;21;21;0;0;10;10;6
2011;'11062700105; ;8;Subsecção;42;42;41;1;0;8;9;1
2011;'11062700106; ;8;Subsecção;20;20;20;0;0;5;5;12
2011;'11062700107; ;8;Subsecção;69;69;69;0;0;31;31;15
2011;'11062700108; ;8;Subsecção;2;0;0;0;2;0;0;0
2011;'11062700201; ;8;Subsecção;128;127;127;0;1;76;76;32
2011;'11062700202; ;8;Subsecção;64;64;64;0;0;32;32;17
2011;'11062700203; ;8;Subsecção;77;76;75;1;1;47;48;17
2011;'11062700204; ;8;Subsecção;56;55;55;0;1;40;40;7
2011;'11062700205; ;8;Subsecção;30;29;29;0;1;5;5;12
2011;'11062800101; ;8;Subsecção;62;62;62;0;0;36;36;21
2011;'11062800102; ;8;Subsecção;29;29;29;0;0;18;18;3
2011;'11062800103; ;8;Subsecção;7;6;6;0;1;3;3;3
2011;'11062800104; ;8;Subsecção;57;57;57;0;0;32;32;16
2011;'11062800105; ;8;Subsecção;48;48;48;0;0;29;29;14
2011;'11062800106; ;8;Subsecção;17;15;15;0;2;13;13;1
2011;'11062800107; ;8;Subsecção;26;26;26;0;0;20;20;5
2011;'11062800201; ;8;Subsecção;46;46;46;0;0;21;21;14
2011;'11062800202; ;8;Subsecção;44;41;41;0;3;28;28;8
2011;'11062800203; ;8;Subsecção;53;53;51;2;0;33;35;5
2011;'11062800204; ;8;Subsecção;30;30;30;0;0;24;24;4
2011;'11062800205; ;8;Subsecção;42;42;42;0;0;29;29;4
2011;'11062800206; ;8;Subsecção;113;113;113;0;0;68;68;27
2011;'11062800301; ;8;Subsecção;58;58;58;0;0;20;20;28
2011;'11062800302; ;8;Subsecção;91;91;91;0;0;60;60;14
2011;'11062800303; ;8;Subsecção;51;50;50;0;1;23;23;21
2011;'11062800304; ;8;Subsecção;66;66;66;0;0;37;37;19
2011;'11062800305; ;8;Subsecção;74;74;74;0;0;47;47;16
2011;'11062800401; ;8;Subsecção;25;25;25;0;0;13;13;11
2011;'11062800402; ;8;Subsecção;42;42;42;0;0;24;24;18
2011;'11062800403; ;8;Subsecção;33;33;33;0;0;31;31;2
2011;'11062800404; ;8;Subsecção;41;41;41;0;0;34;34;5
2011;'11062800405; ;8;Subsecção;35;35;35;0;0;13;13;19
2011;'11062800406; ;8;Subsecção;70;69;69;0;1;39;39;23
2011;'11062800407; ;8;Subsecção;97;97;97;0;0;71;71;21
2011;'11062800408; ;8;Subsecção;0;0;0;0;0;0;0;0
2011;'11062800501; ;8;Subsecção;134;133;133;0;1;73;73;38
2011;'11062800502; ;8;Subsecção;43;42;42;0;1;20;20;15
2011;'11062800503; ;8;Subsecção;70;69;69;0;1;46;46;11
2011;'11062800504; ;8;Subsecção;75;75;75;0;0;40;40;31
2011;'11062800505; ;8;Subsecção;0;0;0;0;0;0;0;0
2011;'11062800601; ;8;Subsecção;161;159;159;0;2;121;121;28
2011;'11062800602; ;8;Subsecção;126;126;126;0;0;69;69;50
2011;'11062800603; ;8;Subsecção;89;89;89;0;0;62;62;18
2011;'11062800701; ;8;Subsecção;48;48;48;0;0;19;19;27
2011;'11062800702; ;8;Subsecção;0;0;0;0;0;0;0;0
2011;'11062800703; ;8;Subsecção;23;23;23;0;0;17;17;3
2011;'11062800704; ;8;Subsecção;31;31;31;0;0;20;20;6
2011;'11062800705; ;8;Subsecção;75;75;75;0;0;50;50;17
2011;'11062800706; ;8;Subsecção;75;75;75;0;0;59;59;7
2011;'11062800707; ;8;Subsecção;64;64;64;0;0;39;39;15
2011;'11062800801; ;8;Subsecção;74;74;74;0;0;52;52;18
2011;'11062800802; ;8;Subsecção;192;191;191;0;1;108;108;55
2011;'11062800803; ;8;Subsecção;111;111;111;0;0;57;57;15
2011;'11062800901; ;8;Subsecção;115;115;115;0;0;74;74;33
2011;'11062800902; ;8;Subsecção;87;86;86;0;1;45;45;17
2011;'11062800903; ;8;Subsecção;116;116;116;0;0;79;79;23
2011;'11062900101; ;8;Subsecção;44;43;43;0;1;36;36;6
2011;'11062900102; ;8;Subsecção;41;41;41;0;0;34;34;4
2011;'11062900103; ;8;Subsecção;31;31;31;0;0;23;23;4
2011;'11062900104; ;8;Subsecção;49;49;49;0;0;35;35;13
2011;'11062900105; ;8;Subsecção;4;4;4;0;0;4;4;0
2011;'11062900106; ;8;Subsecção;61;61;61;0;0;51;51;5
2011;'11062900201; ;8;Subsecção;137;137;137;0;0;109;109;13
2011;'11062900202; ;8;Subsecção;1;1;1;0;0;1;1;0
2011;'11062900203; ;8;Subsecção;99;99;99;0;0;83;83;14
2011;'11062900301; ;8;Subsecção;419;418;418;0;1;325;325;46
2011;'11062900401; ;8;Subsecção;218;218;217;1;0;164;165;43
2011;'11062900402; ;8;Subsecção;0;0;0;0;0;0;0;0
2011;'11062900403; ;8;Subsecção;54;54;54;0;0;36;36;17
2011;'11062900501; ;8;Subsecção;364;364;364;0;0;266;266;50
2011;'11062900601; ;8;Subsecção;13;13;13;0;0;11;11;1
2011;'11062900602; ;8;Subsecção;82;81;81;0;1;66;66;10
2011;'11062900603; ;8;Subsecção;1;1;1;0;0;1;1;0
2011;'11062900604; ;8;Subsecção;61;61;61;0;0;46;46;9
2011;'11062900701; ;8;Subsecção;131;131;131;0;0;75;75;32
2011;'11062900702; ;8;Subsecção;116;116;116;0;0;74;74;28
2011;'11062900703; ;8;Subsecção;85;85;85;0;0;50;50;18
2011;'11062900801; ;8;Subsecção;76;76;76;0;0;57;57;15
2011;'11062900802; ;8;Subsecção;135;135;135;0;0;92;92;38
2011;'11062900803; ;8;Subsecção;71;71;71;0;0;51;51;19
2011;'11062900901; ;8;Subsecção;100;100;100;0;0;69;69;18
2011;'11062900902; ;8;Subsecção;71;71;71;0;0;47;47;8
2011;'11062900903; ;8;Subsecção;88;88;88;0;0;62;62;18
2011;'11062901001; ;8;Subsecção;290;289;289;0;1;205;205;55
2011;'11062901101; ;8;Subsecção;219;219;219;0;0;164;164;48
2011;'11062901102; ;8;Subsecção;54;54;54;0;0;47;47;6
2011;'11062901103; ;8;Subsecção;88;88;88;0;0;63;63;14
2011;'11062901201; ;8;Subsecção;213;213;213;0;0;149;149;23
2011;'11062901202; ;8;Subsecção;118;118;118;0;0;94;94;15
2011;'11063000101; ;8;Subsecção;109;109;109;0;0;78;78;5
2011;'11063000201; ;8;Subsecção;58;58;58;0;0;39;39;0
2011;'11063000202; ;8;Subsecção;79;79;79;0;0;60;60;6
2011;'11063000203; ;8;Subsecção;67;67;67;0;0;53;53;5
2011;'11063000204; ;8;Subsecção;51;51;51;0;0;38;38;5
2011;'11063000301; ;8;Subsecção;23;22;22;0;1;14;14;6
2011;'11063000302; ;8;Subsecção;210;209;209;0;1;174;174;18
2011;'11063000401; ;8;Subsecção;195;194;194;0;1;151;151;16
2011;'11063000402; ;8;Subsecção;144;144;144;0;0;108;108;19
2011;'11063000501; ;8;Subsecção;36;36;36;0;0;18;18;18
2011;'11063000502; ;8;Subsecção;65;65;65;0;0;49;49;13
2011;'11063000503; ;8;Subsecção;72;72;72;0;0;51;51;19
2011;'11063000504; ;8;Subsecção;16;16;16;0;0;11;11;4
2011;'11063000505; ;8;Subsecção;78;78;78;0;0;52;52;7
2011;'11063000601; ;8;Subsecção;117;116;116;0;1;78;78;19
2011;'11063000602; ;8;Subsecção;217;216;216;0;1;130;130;47
2011;'11063000701; ;8;Subsecção;0;0;0;0;0;0;0;0
2011;'11063000702; ;8;Subsecção;1;0;0;0;1;0;0;0
2011;'11063000703; ;8;Subsecção;62;61;61;0;1;47;47;8
2011;'11063000704; ;8;Subsecção;157;157;157;0;0;124;124;15
2011;'11063000801; ;8;Subsecção;213;213;213;0;0;142;142;50
2011;'11063000802; ;8;Subsecção;48;48;48;0;0;36;36;9
2011;'11063000901; ;8;Subsecção;246;245;245;0;1;186;186;40
2011;'11063000902; ;8;Subsecção;70;70;70;0;0;45;45;12
2011;'11063001001; ;8;Subsecção;240;240;240;0;0;179;179;34
2011;'11063001101; ;8;Subsecção;203;203;203;0;0;149;149;29
2011;'11063001102; ;8;Subsecção;2;2;2;0;0;2;2;0
2011;'11063001103; ;8;Subsecção;60;60;60;0;0;41;41;7
2011;'11063001104; ;8;Subsecção;49;48;48;0;1;37;37;9
2011;'11063001201; ;8;Subsecção;424;421;421;0;3;304;304;105
2011;'11063001301; ;8;Subsecção;166;166;166;0;0;127;127;25
2011;'11063001302; ;8;Subsecção;142;142;142;0;0;102;102;19
2011;'11063001401; ;8;Subsecção;14;13;13;0;1;12;12;1
2011;'11063001402; ;8;Subsecção;80;79;79;0;1;64;64;7
2011;'11063001403; ;8;Subsecção;126;126;126;0;0;98;98;16
2011;'11063001404; ;8;Subsecção;57;57;57;0;0;35;35;11
2011;'11063001501; ;8;Subsecção;423;422;422;0;1;269;269;104
2011;'11063100101; ;8;Subsecção;40;39;39;0;1;21;21;15
2011;'11063100102; ;8;Subsecção;114;110;110;0;4;48;48;55
2011;'11063100103; ;8;Subsecção;67;66;66;0;1;31;31;32
2011;'11063100104; ;8;Subsecção;35;35;35;0;0;14;14;21
2011;'11063100105; ;8;Subsecção;11;11;11;0;0;1;1;10
2011;'11063100201; ;8;Subsecção;164;162;162;0;2;110;110;42
2011;'11063100202; ;8;Subsecção;5;4;4;0;1;2;2;0
2011;'11063100203; ;8;Subsecção;35;30;30;0;5;19;19;8
2011;'11063100204; ;8;Subsecção;21;19;19;0;2;12;12;4
2011;'11063100205; ;8;Subsecção;13;13;13;0;0;0;0;13
2011;'11063100301; ;8;Subsecção;34;30;30;0;4;11;11;13
2011;'11063100302; ;8;Subsecção;4;0;0;0;4;0;0;0
2011;'11063100303; ;8;Subsecção;41;39;39;0;2;11;11;28
2011;'11063100304; ;8;Subsecção;67;65;65;0;2;39;39;20
2011;'11063100305; ;8;Subsecção;0;0;0;0;0;0;0;0
2011;'11063100306; ;8;Subsecção;4;2;2;0;2;2;2;0
2011;'11063100307; ;8;Subsecção;5;3;3;0;2;1;1;1
2011;'11063200101; ;8;Subsecção;69;69;69;0;0;45;45;21
2011;'11063200102; ;8;Subsecção;16;16;16;0;0;13;13;0
2011;'11063200103; ;8;Subsecção;31;31;31;0;0;28;28;2
2011;'11063200104; ;8;Subsecção;40;39;39;0;1;25;25;14
2011;'11063200105; ;8;Subsecção;142;142;142;0;0;89;89;46
2011;'11063200106; ;8;Subsecção;23;23;23;0;0;21;21;1
2011;'11063200201; ;8;Subsecção;0;0;0;0;0;0;0;0
2011;'11063200202; ;8;Subsecção;27;27;27;0;0;12;12;13
2011;'11063200203; ;8;Subsecção;4;4;4;0;0;2;2;1
2011;'11063200204; ;8;Subsecção;54;54;54;0;0;38;38;9
2011;'11063200205; ;8;Subsecção;67;67;67;0;0;61;61;4
2011;'11063200206; ;8;Subsecção;139;139;139;0;0;112;112;16
2011;'11063200301; ;8;Subsecção;59;59;58;1;0;44;45;13
2011;'11063200302; ;8;Subsecção;152;152;152;0;0;122;122;11
2011;'11063200303; ;8;Subsecção;60;60;60;0;0;39;39;7
2011;'11063200304; ;8;Subsecção;47;47;47;0;0;39;39;1
2011;'11063200401; ;8;Subsecção;1;1;1;0;0;1;1;0
2011;'11063200402; ;8;Subsecção;21;21;21;0;0;13;13;8
2011;'11063200403; ;8;Subsecção;4;4;4;0;0;2;2;2
2011;'11063200404; ;8;Subsecção;126;126;126;0;0;81;81;29
2011;'11063200405; ;8;Subsecção;4;4;4;0;0;2;2;1
2011;'11063200406; ;8;Subsecção;21;21;21;0;0;18;18;2
2011;'11063200407; ;8;Subsecção;4;4;4;0;0;1;1;2
2011;'11063200408; ;8;Subsecção;9;9;9;0;0;6;6;3
2011;'11063200409; ;8;Subsecção;9;9;9;0;0;8;8;0
2011;'11063200410; ;8;Subsecção;16;16;16;0;0;12;12;3
2011;'11063200411; ;8;Subsecção;4;4;4;0;0;3;3;0
2011;'11063200412; ;8;Subsecção;8;8;8;0;0;6;6;1
2011;'11063200413; ;8;Subsecção;11;11;11;0;0;8;8;3
2011;'11063200414; ;8;Subsecção;10;10;10;0;0;9;9;0
2011;'11063200415; ;8;Subsecção;8;8;8;0;0;7;7;0
2011;'11063200416; ;8;Subsecção;7;7;7;0;0;6;6;0
2011;'11063200501; ;8;Subsecção;197;197;197;0;0;151;151;20
2011;'11063200502; ;8;Subsecção;89;89;89;0;0;62;62;15
2011;'11063200601; ;8;Subsecção;12;12;12;0;0;7;7;2
2011;'11063200602; ;8;Subsecção;23;23;23;0;0;19;19;3
2011;'11063200603; ;8;Subsecção;28;28;28;0;0;20;20;2
2011;'11063200604; ;8;Subsecção;15;15;15;0;0;11;11;1
2011;'11063200605; ;8;Subsecção;10;10;10;0;0;8;8;2
2011;'11063200606; ;8;Subsecção;10;10;10;0;0;7;7;3
2011;'11063200607; ;8;Subsecção;11;11;11;0;0;10;10;1
2011;'11063200608; ;8;Subsecção;12;12;12;0;0;11;11;1
2011;'11063200609; ;8;Subsecção;10;10;10;0;0;6;6;2
2011;'11063200610; ;8;Subsecção;25;25;25;0;0;22;22;1
2011;'11063200611; ;8;Subsecção;9;9;9;0;0;9;9;0
2011;'11063200612; ;8;Subsecção;9;9;9;0;0;6;6;1
2011;'11063200613; ;8;Subsecção;8;8;8;0;0;6;6;2
2011;'11063200614; ;8;Subsecção;8;8;8;0;0;8;8;0
2011;'11063200615; ;8;Subsecção;8;8;8;0;0;6;6;1
2011;'11063200616; ;8;Subsecção;8;8;8;0;0;5;5;2
2011;'11063200617; ;8;Subsecção;8;8;8;0;0;8;8;0
2011;'11063200618; ;8;Subsecção;8;8;8;0;0;7;7;1
2011;'11063200619; ;8;Subsecção;8;8;8;0;0;7;7;1
2011;'11063200620; ;8;Subsecção;8;8;8;0;0;5;5;2
2011;'11063200621; ;8;Subsecção;3;3;3;0;0;3;3;0
2011;'11063200622; ;8;Subsecção;8;8;8;0;0;3;3;1
2011;'11063200623; ;8;Subsecção;2;2;2;0;0;2;2;0
2011;'11063200624; ;8;Subsecção;8;8;8;0;0;5;5;2
2011;'11063200625; ;8;Subsecção;8;8;8;0;0;6;6;1
2011;'11063200626; ;8;Subsecção;0;0;0;0;0;0;0;0
2011;'11063200627; ;8;Subsecção;8;8;8;0;0;8;8;0
2011;'11063200628; ;8;Subsecção;8;8;8;0;0;5;5;2
2011;'11063200629; ;8;Subsecção;1;1;1;0;0;1;1;0
2011;'11063200630; ;8;Subsecção;8;8;8;0;0;4;4;4
2011;'11063200631; ;8;Subsecção;8;8;8;0;0;5;5;1
2011;'11063200632; ;8;Subsecção;8;8;8;0;0;5;5;3
2011;'11063200633; ;8;Subsecção;8;8;8;0;0;3;3;4
2011;'11063200634; ;8;Subsecção;8;8;8;0;0;5;5;2
2011;'11063200701; ;8;Subsecção;103;103;103;0;0;81;81;12
2011;'11063200702; ;8;Subsecção;23;23;22;1;0;19;20;1
2011;'11063200703; ;8;Subsecção;25;25;25;0;0;19;19;2
2011;'11063200704; ;8;Subsecção;8;8;8;0;0;5;5;1
2011;'11063200705; ;8;Subsecção;115;115;115;0;0;80;80;14
2011;'11063200706; ;8;Subsecção;8;8;8;0;0;6;6;2
2011;'11063200707; ;8;Subsecção;21;21;21;0;0;18;18;2
2011;'11063200801; ;8;Subsecção;1;0;0;0;1;0;0;0
2011;'11063200802; ;8;Subsecção;83;83;83;0;0;56;56;21
2011;'11063200803; ;8;Subsecção;315;314;314;0;1;179;179;54
2011;'11063200901; ;8;Subsecção;23;23;23;0;0;11;11;7
2011;'11063200902; ;8;Subsecção;18;18;18;0;0;16;16;1
2011;'11063200903; ;8;Subsecção;50;50;50;0;0;36;36;12
2011;'11063200904; ;8;Subsecção;32;31;31;0;1;28;28;1
2011;'11063200905; ;8;Subsecção;10;10;10;0;0;8;8;0
2011;'11063200906; ;8;Subsecção;17;17;17;0;0;10;10;6
2011;'11063200907; ;8;Subsecção;26;26;26;0;0;14;14;10
2011;'11063200908; ;8;Subsecção;15;14;14;0;1;11;11;1
2011;'11063200909; ;8;Subsecção;0;0;0;0;0;0;0;0
2011;'11063200910; ;8;Subsecção;45;45;45;0;0;30;30;12
2011;'11063200911; ;8;Subsecção;22;22;22;0;0;13;13;8
2011;'11063201001; ;8;Subsecção;228;228;228;0;0;165;165;28
2011;'11063201002; ;8;Subsecção;0;0;0;0;0;0;0;0
2011;'11063201003; ;8;Subsecção;25;25;25;0;0;11;11;10
2011;'11063201004; ;8;Subsecção;16;16;16;0;0;13;13;3
2011;'11063201005; ;8;Subsecção;0;0;0;0;0;0;0;0
2011;'11063201101; ;8;Subsecção;27;27;27;0;0;17;17;3
2011;'11063201102; ;8;Subsecção;8;4;4;0;4;4;4;0
2011;'11063201103; ;8;Subsecção;43;42;42;0;1;36;36;1
2011;'11063201104; ;8;Subsecção;10;9;9;0;1;8;8;1
2011;'11063201105; ;8;Subsecção;5;5;5;0;0;5;5;0
2011;'11063201106; ;8;Subsecção;9;9;9;0;0;7;7;0
2011;'11063201107; ;8;Subsecção;130;130;130;0;0;97;97;18
2011;'11063201108; ;8;Subsecção;98;98;98;0;0;87;87;0
2011;'11063201201; ;8;Subsecção;38;38;38;0;0;24;24;13
2011;'11063201202; ;8;Subsecção;1;0;0;0;1;0;0;0
2011;'11063201203; ;8;Subsecção;86;86;86;0;0;71;71;8
2011;'11063201204; ;8;Subsecção;56;56;56;0;0;20;20;34
2011;'11063201205; ;8;Subsecção;37;37;37;0;0;15;15;20
2011;'11063201206; ;8;Subsecção;6;5;5;0;1;4;4;1
2011;'11063201207; ;8;Subsecção;83;83;83;0;0;59;59;10
2011;'11063201208; ;8;Subsecção;0;0;0;0;0;0;0;0
2011;'11063201301; ;8;Subsecção;8;8;8;0;0;5;5;2
2011;'11063201302; ;8;Subsecção;9;9;9;0;0;9;9;0
2011;'11063201303; ;8;Subsecção;8;8;8;0;0;5;5;1
2011;'11063201304; ;8;Subsecção;8;8;8;0;0;6;6;2
2011;'11063201305; ;8;Subsecção;8;8;8;0;0;3;3;5
2011;'11063201306; ;8;Subsecção;8;8;8;0;0;7;7;1
2011;'11063201307; ;8;Subsecção;8;8;8;0;0;3;3;4
2011;'11063201308; ;8;Subsecção;8;8;8;0;0;5;5;2
2011;'11063201309; ;8;Subsecção;7;7;7;0;0;6;6;1
2011;'11063201310; ;8;Subsecção;8;8;8;0;0;7;7;0
2011;'11063201311; ;8;Subsecção;8;8;8;0;0;6;6;1
2011;'11063201312; ;8;Subsecção;3;3;3;0;0;1;1;1
2011;'11063201313; ;8;Subsecção;10;10;10;0;0;8;8;0
2011;'11063201314; ;8;Subsecção;3;2;2;0;1;2;2;0
2011;'11063201315; ;8;Subsecção;67;67;67;0;0;54;54;7
2011;'11063201316; ;8;Subsecção;30;29;29;0;1;19;19;4
2011;'11063201317; ;8;Subsecção;72;72;72;0;0;44;44;22
2011;'11063201318; ;8;Subsecção;8;8;8;0;0;6;6;2
2011;'11063201401; ;8;Subsecção;108;108;108;0;0;78;78;24
2011;'11063201402; ;8;Subsecção;131;131;131;0;0;99;99;29
2011;'11063201403; ;8;Subsecção;25;25;25;0;0;21;21;3
2011;'11063201404; ;8;Subsecção;32;32;32;0;0;19;19;13
2011;'11063201405; ;8;Subsecção;15;15;15;0;0;12;12;3
2011;'11063201406; ;8;Subsecção;13;13;13;0;0;8;8;4
2011;'11063201407; ;8;Subsecção;16;16;16;0;0;12;12;3
2011;'11063201408; ;8;Subsecção;0;0;0;0;0;0;0;0
2011;'11063201409; ;8;Subsecção;4;4;4;0;0;1;1;0
2011;'11063201501; ;8;Subsecção;6;6;6;0;0;4;4;1
2011;'11063201502; ;8;Subsecção;5;5;5;0;0;3;3;1
2011;'11063201503; ;8;Subsecção;32;32;32;0;0;21;21;8
2011;'11063201504; ;8;Subsecção;130;130;130;0;0;110;110;8
2011;'11063201505; ;8;Subsecção;24;24;24;0;0;14;14;5
2011;'11063201506; ;8;Subsecção;11;10;10;0;1;9;9;1
2011;'11063201507; ;8;Subsecção;17;17;17;0;0;13;13;2
2011;'11063201508; ;8;Subsecção;0;0;0;0;0;0;0;0
2011;'11063201509; ;8;Subsecção;11;11;11;0;0;11;11;0
2011;'11063201510; ;8;Subsecção;101;101;101;0;0;10;10;89
2011;'11063201601; ;8;Subsecção;268;268;268;0;0;198;198;46
2011;'11063201602; ;8;Subsecção;0;0;0;0;0;0;0;0
2011;'11063201603; ;8;Subsecção;67;67;67;0;0;56;56;8
2011;'11063201604; ;8;Subsecção;1;0;0;0;1;0;0;0
2011;'11063201605; ;8;Subsecção;0;0;0;0;0;0;0;0
2011;'11063201606; ;8;Subsecção;0;0;0;0;0;0;0;0
2011;'11063201607; ;8;Subsecção;1;0;0;0;1;0;0;0
2011;'11063201701; ;8;Subsecção;233;233;233;0;0;181;181;26
2011;'11063201702; ;8;Subsecção;36;36;36;0;0;28;28;6
2011;'11063201703; ;8;Subsecção;5;5;5;0;0;0;0;5
2011;'11063201704; ;8;Subsecção;27;27;27;0;0;20;20;3
2011;'11063201705; ;8;Subsecção;4;4;4;0;0;4;4;0
2011;'11063201706; ;8;Subsecção;0;0;0;0;0;0;0;0
2011;'11063300101; ;8;Subsecção;188;187;187;0;1;171;171;11
2011;'11063300102; ;8;Subsecção;6;6;6;0;0;5;5;0
2011;'11063300201; ;8;Subsecção;1;0;0;0;1;0;0;0
2011;'11063300202; ;8;Subsecção;309;309;309;0;0;279;279;10
2011;'11063300301; ;8;Subsecção;2;2;2;0;0;2;2;0
2011;'11063300302; ;8;Subsecção;231;231;230;1;0;199;200;11
2011;'11063300303; ;8;Subsecção;47;47;47;0;0;31;31;10
2011;'11063300401; ;8;Subsecção;320;320;320;0;0;270;270;27
2011;'11063300501; ;8;Subsecção;257;257;257;0;0;225;225;30
2011;'11063300502; ;8;Subsecção;101;101;101;0;0;89;89;12
2011;'11063300601; ;8;Subsecção;0;0;0;0;0;0;0;0
2011;'11063300602; ;8;Subsecção;33;33;33;0;0;28;28;2
2011;'11063300603; ;8;Subsecção;66;66;66;0;0;46;46;13
2011;'11063300604; ;8;Subsecção;138;138;138;0;0;104;104;17
2011;'11063300605; ;8;Subsecção;159;159;159;0;0;122;122;12
2011;'11063300606; ;8;Subsecção;140;140;140;0;0;108;108;20
2011;'11063300607; ;8;Subsecção;145;145;145;0;0;117;117;7
2011;'11063300701; ;8;Subsecção;0;0;0;0;0;0;0;0
2011;'11063300702; ;8;Subsecção;190;190;190;0;0;164;164;9
2011;'11063300703; ;8;Subsecção;100;100;100;0;0;91;91;6
2011;'11063300801; ;8;Subsecção;4;2;2;0;2;2;2;0
2011;'11063300802; ;8;Subsecção;12;12;12;0;0;7;7;4
2011;'11063300803; ;8;Subsecção;272;272;272;0;0;232;232;23
2011;'11063300901; ;8;Subsecção;80;79;79;0;1;65;65;12
2011;'11063300902; ;8;Subsecção;3;0;0;0;3;0;0;0
2011;'11063300903; ;8;Subsecção;139;139;139;0;0;117;117;13
2011;'11063300904; ;8;Subsecção;154;154;154;0;0;137;137;7
2011;'11063301001; ;8;Subsecção;270;270;270;0;0;221;221;27
2011;'11063301101; ;8;Subsecção;282;282;282;0;0;242;242;3
2011;'11063301201; ;8;Subsecção;220;220;220;0;0;166;166;8
2011;'11063301202; ;8;Subsecção;22;22;22;0;0;18;18;3
2011;'11063301203; ;8;Subsecção;0;0;0;0;0;0;0;0
2011;'11063301204; ;8;Subsecção;32;32;32;0;0;22;22;1
2011;'11063301301; ;8;Subsecção;213;213;212;1;0;192;193;16
2011;'11063301302; ;8;Subsecção;0;0;0;0;0;0;0;0
2011;'11063301303; ;8;Subsecção;0;0;0;0;0;0;0;0
2011;'11063301401; ;8;Subsecção;48;48;48;0;0;35;35;2
2011;'11063301402; ;8;Subsecção;48;48;48;0;0;42;42;1
2011;'11063301403; ;8;Subsecção;44;44;44;0;0;34;34;4
2011;'11063301404; ;8;Subsecção;33;33;33;0;0;25;25;1
2011;'11063301405; ;8;Subsecção;58;58;58;0;0;42;42;3
2011;'11063301406; ;8;Subsecção;17;17;17;0;0;13;13;0
2011;'11063301407; ;8;Subsecção;24;24;24;0;0;20;20;0
2011;'11063301408; ;8;Subsecção;1;1;1;0;0;1;1;0
2011;'11063301501; ;8;Subsecção;494;494;494;0;0;332;332;101
2011;'11063301601; ;8;Subsecção;298;298;298;0;0;189;189;9
2011;'11063301602; ;8;Subsecção;322;322;322;0;0;183;183;41
2011;'11063301701; ;8;Subsecção;221;221;221;0;0;189;189;22
2011;'11063301801; ;8;Subsecção;80;80;80;0;0;68;68;6
2011;'11063301802; ;8;Subsecção;58;58;58;0;0;49;49;3
2011;'11063301803; ;8;Subsecção;46;46;46;0;0;40;40;3
2011;'11063301804; ;8;Subsecção;110;110;110;0;0;94;94;3
2011;'11063301901; ;8;Subsecção;542;542;542;0;0;441;441;43
2011;'11063301902; ;8;Subsecção;0;0;0;0;0;0;0;0
2011;'11063302001; ;8;Subsecção;350;350;350;0;0;272;272;39
2011;'11063302101; ;8;Subsecção;284;284;284;0;0;251;251;13
2011;'11063302102; ;8;Subsecção;219;219;219;0;0;182;182;9
2011;'11063302201; ;8;Subsecção;1;0;0;0;1;0;0;0
2011;'11063302202; ;8;Subsecção;8;8;8;0;0;6;6;2
2011;'11063302203; ;8;Subsecção;22;22;22;0;0;16;16;2
2011;'11063302204; ;8;Subsecção;40;40;40;0;0;29;29;4
2011;'11063302205; ;8;Subsecção;23;23;23;0;0;20;20;0
2011;'11063302206; ;8;Subsecção;39;39;39;0;0;31;31;1
2011;'11063302207; ;8;Subsecção;19;19;19;0;0;12;12;2
2011;'11063302208; ;8;Subsecção;24;24;24;0;0;17;17;2
2011;'11063302209; ;8;Subsecção;40;40;40;0;0;27;27;5
2011;'11063302210; ;8;Subsecção;27;27;27;0;0;21;21;4
2011;'11063302211; ;8;Subsecção;16;16;16;0;0;12;12;1
2011;'11063302212; ;8;Subsecção;16;16;16;0;0;12;12;2
2011;'11063302301; ;8;Subsecção;320;320;320;0;0;272;272;26
2011;'11063302401; ;8;Subsecção;163;163;163;0;0;126;126;11
2011;'11063302402; ;8;Subsecção;115;115;114;1;0;94;95;5
2011;'11063302501; ;8;Subsecção;321;321;321;0;0;71;71;223
2011;'11063302502; ;8;Subsecção;0;0;0;0;0;0;0;0
2011;'11063302503; ;8;Subsecção;1;0;0;0;1;0;0;0
2011;'11063302504; ;8;Subsecção;0;0;0;0;0;0;0;0
2011;'11063302601; ;8;Subsecção;162;162;162;0;0;137;137;7
2011;'11063302602; ;8;Subsecção;67;67;67;0;0;54;54;2
2011;'11063302701; ;8;Subsecção;86;86;86;0;0;43;43;15
2011;'11063302702; ;8;Subsecção;0;0;0;0;0;0;0;0
2011;'11063302703; ;8;Subsecção;0;0;0;0;0;0;0;0
2011;'11063302704; ;8;Subsecção;30;30;30;0;0;28;28;0
2011;'11063302705; ;8;Subsecção;0;0;0;0;0;0;0;0
2011;'11063302706; ;8;Subsecção;0;0;0;0;0;0;0;0
2011;'11063302801; ;8;Subsecção;200;200;199;1;0;177;178;12
2011;'11063302901; ;8;Subsecção;24;24;24;0;0;22;22;0
2011;'11063302902; ;8;Subsecção;0;0;0;0;0;0;0;0
2011;'11063302903; ;8;Subsecção;41;41;41;0;0;33;33;2
2011;'11063302904; ;8;Subsecção;18;18;18;0;0;15;15;1
2011;'11063302905; ;8;Subsecção;26;26;26;0;0;21;21;4
2011;'11063302906; ;8;Subsecção;26;26;26;0;0;16;16;6
2011;'11063302907; ;8;Subsecção;22;22;22;0;0;16;16;5
2011;'11063302908; ;8;Subsecção;38;38;38;0;0;31;31;2
2011;'11063302909; ;8;Subsecção;45;45;45;0;0;36;36;6
2011;'11063302910; ;8;Subsecção;43;42;42;0;1;32;32;8
2011;'11063302911; ;8;Subsecção;20;20;20;0;0;15;15;3
2011;'11063303001; ;8;Subsecção;238;238;237;1;0;208;209;11
2011;'11063303002; ;8;Subsecção;120;120;120;0;0;110;110;6
2011;'11063303101; ;8;Subsecção;0;0;0;0;0;0;0;0
2011;'11063303102; ;8;Subsecção;370;370;370;0;0;322;322;22
2011;'11063303201; ;8;Subsecção;63;62;62;0;1;43;43;11
2011;'11063303202; ;8;Subsecção;18;18;18;0;0;12;12;4
2011;'11063303203; ;8;Subsecção;39;39;39;0;0;27;27;9
2011;'11063303204; ;8;Subsecção;45;45;45;0;0;36;36;6
2011;'11063303205; ;8;Subsecção;51;51;51;0;0;40;40;8
2011;'11063303206; ;8;Subsecção;48;48;48;0;0;38;38;7
2011;'11063303207; ;8;Subsecção;49;49;49;0;0;32;32;14
2011;'11063303208; ;8;Subsecção;7;7;7;0;0;6;6;1
2011;'11063303301; ;8;Subsecção;89;89;89;0;0;66;66;9
2011;'11063303302; ;8;Subsecção;79;79;79;0;0;54;54;19
2011;'11063303303; ;8;Subsecção;0;0;0;0;0;0;0;0
2011;'11063303304; ;8;Subsecção;121;120;120;0;1;81;81;6
2011;'11063303401; ;8;Subsecção;222;222;222;0;0;184;184;14
2011;'11063303402; ;8;Subsecção;100;99;98;1;1;85;86;6
2011;'11063303501; ;8;Subsecção;90;90;90;0;0;79;79;10
2011;'11063303502; ;8;Subsecção;212;212;212;0;0;177;177;27
2011;'11063303601; ;8;Subsecção;0;0;0;0;0;0;0;0
2011;'11063303602; ;8;Subsecção;58;58;58;0;0;42;42;6
2011;'11063303603; ;8;Subsecção;22;21;21;0;1;12;12;5
2011;'11063303604; ;8;Subsecção;121;121;121;0;0;101;101;16
2011;'11063303605; ;8;Subsecção;199;199;199;0;0;160;160;27
2011;'11063303701; ;8;Subsecção;345;345;345;0;0;321;321;11
2011;'11063303801; ;8;Subsecção;32;32;32;0;0;31;31;0
2011;'11063303802; ;8;Subsecção;140;140;140;0;0;118;118;5
2011;'11063303803; ;8;Subsecção;20;20;20;0;0;11;11;4
2011;'11063303804; ;8;Subsecção;20;20;20;0;0;16;16;4
2011;'11063303805; ;8;Subsecção;24;24;24;0;0;24;24;0
2011;'11063303806; ;8;Subsecção;28;28;28;0;0;24;24;0
2011;'11063303807; ;8;Subsecção;16;16;16;0;0;15;15;1
2011;'11063303808; ;8;Subsecção;0;0;0;0;0;0;0;0
2011;'11063303809; ;8;Subsecção;0;0;0;0;0;0;0;0
2011;'11063303901; ;8;Subsecção;0;0;0;0;0;0;0;0
2011;'11063303902; ;8;Subsecção;0;0;0;0;0;0;0;0
2011;'11063303903; ;8;Subsecção;0;0;0;0;0;0;0;0
2011;'11063303904; ;8;Subsecção;261;261;261;0;0;144;144;16
2011;'11063304001; ;8;Subsecção;19;19;19;0;0;11;11;3
2011;'11063304002; ;8;Subsecção;181;181;181;0;0;157;157;16
2011;'11063304003; ;8;Subsecção;59;59;59;0;0;43;43;13
2011;'11063304101; ;8;Subsecção;0;0;0;0;0;0;0;0
2011;'11063304102; ;8;Subsecção;90;90;90;0;0;79;79;7
2011;'11063304103; ;8;Subsecção;219;219;219;0;0;188;188;9
2011;'11063304201; ;8;Subsecção;155;155;155;0;0;129;129;6
2011;'11063304202; ;8;Subsecção;135;135;135;0;0;93;93;2
2011;'11063304301; ;8;Subsecção;153;153;153;0;0;136;136;3
2011;'11063304302; ;8;Subsecção;70;70;69;1;0;66;67;2
2011;'11063304303; ;8;Subsecção;120;120;119;1;0;103;104;15
2011;'11063304304; ;8;Subsecção;24;24;24;0;0;21;21;2
2011;'11063304401; ;8;Subsecção;0;0;0;0;0;0;0;0
2011;'11063304402; ;8;Subsecção;0;0;0;0;0;0;0;0
2011;'11063304403; ;8;Subsecção;1;0;0;0;1;0;0;0
2011;'11063304404; ;8;Subsecção;269;264;264;0;5;229;229;14
2011;'11063304501; ;8;Subsecção;310;310;310;0;0;253;253;18
2011;'11063304502; ;8;Subsecção;18;18;18;0;0;17;17;1
2011;'11063304601; ;8;Subsecção;93;93;93;0;0;79;79;10
2011;'11063304602; ;8;Subsecção;102;102;102;0;0;86;86;10
2011;'11063304603; ;8;Subsecção;30;30;30;0;0;27;27;3
2011;'11063304604; ;8;Subsecção;103;103;103;0;0;83;83;9
2011;'11063304701; ;8;Subsecção;20;20;20;0;0;10;10;2
2011;'11063304702; ;8;Subsecção;13;13;13;0;0;5;5;8
2011;'11063304703; ;8;Subsecção;200;200;200;0;0;150;150;3
2011;'11063304801; ;8;Subsecção;0;0;0;0;0;0;0;0
2011;'11063304802; ;8;Subsecção;0;0;0;0;0;0;0;0
2011;'11063304803; ;8;Subsecção;0;0;0;0;0;0;0;0
2011;'11063304804; ;8;Subsecção;0;0;0;0;0;0;0;0
2011;'11063304805; ;8;Subsecção;0;0;0;0;0;0;0;0
2011;'11063304806; ;8;Subsecção;45;44;44;0;1;2;2;38
2011;'11063304807; ;8;Subsecção;238;238;238;0;0;190;190;21
2011;'11063304808; ;8;Subsecção;1;0;0;0;1;0;0;0
2011;'11063304901; ;8;Subsecção;356;356;355;1;0;309;310;24
2011;'11063305001; ;8;Subsecção;299;299;299;0;0;261;261;16
2011;'11063305101; ;8;Subsecção;1;1;1;0;0;1;1;0
2011;'11063305102; ;8;Subsecção;57;57;57;0;0;56;56;0
2011;'11063305103; ;8;Subsecção;96;96;96;0;0;95;95;1
2011;'11063305104; ;8;Subsecção;46;46;46;0;0;38;38;2
2011;'11063305105; ;8;Subsecção;132;132;132;0;0;118;118;6
2011;'11063305106; ;8;Subsecção;118;118;118;0;0;83;83;6
2011;'11063305201; ;8;Subsecção;174;174;174;0;0;153;153;20
2011;'11063305202; ;8;Subsecção;75;75;75;0;0;62;62;11
2011;'11063305203; ;8;Subsecção;80;80;80;0;0;71;71;7
2011;'11063305301; ;8;Subsecção;75;75;75;0;0;72;72;1
2011;'11063305302; ;8;Subsecção;52;52;52;0;0;47;47;3
2011;'11063305303; ;8;Subsecção;71;71;71;0;0;59;59;5
2011;'11063305304; ;8;Subsecção;76;76;76;0;0;60;60;7
2011;'11063305305; ;8;Subsecção;60;60;60;0;0;54;54;2
2011;'11063305401; ;8;Subsecção;331;331;330;1;0;276;277;13
2011;'11063305501; ;8;Subsecção;180;180;180;0;0;140;140;11
2011;'11063305502; ;8;Subsecção;62;62;62;0;0;55;55;2
2011;'11063305503; ;8;Subsecção;124;124;124;0;0;104;104;3
2011;'11063305601; ;8;Subsecção;243;243;243;0;0;219;219;2
2011;'11063305602; ;8;Subsecção;14;14;14;0;0;10;10;4
2011;'11063305603; ;8;Subsecção;22;22;22;0;0;16;16;3
2011;'11063305604; ;8;Subsecção;22;22;22;0;0;20;20;0
2011;'11063305605; ;8;Subsecção;18;18;18;0;0;15;15;3
2011;'11063305701; ;8;Subsecção;87;87;87;0;0;70;70;2
2011;'11063305702; ;8;Subsecção;70;70;70;0;0;62;62;0
2011;'11063305703; ;8;Subsecção;53;53;53;0;0;48;48;0
2011;'11063305704; ;8;Subsecção;127;127;127;0;0;114;114;1
2011;'11063305801; ;8;Subsecção;129;129;129;0;0;123;123;4
2011;'11063305802; ;8;Subsecção;8;8;8;0;0;8;8;0
2011;'11063305803; ;8;Subsecção;51;51;51;0;0;44;44;2
2011;'11063305804; ;8;Subsecção;16;16;16;0;0;12;12;3
2011;'11063305805; ;8;Subsecção;7;7;7;0;0;7;7;0
2011;'11063305806; ;8;Subsecção;10;8;8;0;2;6;6;1
2011;'11063305807; ;8;Subsecção;72;72;72;0;0;64;64;6
2011;'11063305808; ;8;Subsecção;14;14;14;0;0;11;11;2
2011;'11063305809; ;8;Subsecção;2;2;2;0;0;2;2;0
2011;'11063305901; ;8;Subsecção;203;203;203;0;0;159;159;36
2011;'11063305902; ;8;Subsecção;102;102;102;0;0;86;86;15
2011;'11063306001; ;8;Subsecção;30;30;30;0;0;27;27;2
2011;'11063306002; ;8;Subsecção;193;193;193;0;0;162;162;21
2011;'11063306003; ;8;Subsecção;124;124;124;0;0;107;107;12
2011;'11063306101; ;8;Subsecção;64;64;64;0;0;54;54;10
2011;'11063306102; ;8;Subsecção;60;60;60;0;0;52;52;7
2011;'11063306103; ;8;Subsecção;75;75;74;1;0;68;69;3
2011;'11063306104; ;8;Subsecção;150;150;150;0;0;135;135;11
2011;'11063306201; ;8;Subsecção;0;0;0;0;0;0;0;0
2011;'11063306202; ;8;Subsecção;82;82;82;0;0;60;60;6
2011;'11063306203; ;8;Subsecção;117;117;117;0;0;82;82;10
2011;'11063306301; ;8;Subsecção;0;0;0;0;0;0;0;0
2011;'11063306302; ;8;Subsecção;419;419;419;0;0;326;326;35
2011;'11063306401; ;8;Subsecção;166;166;166;0;0;138;138;7
2011;'11063306402; ;8;Subsecção;87;87;87;0;0;78;78;4
2011;'11063306403; ;8;Subsecção;8;8;8;0;0;7;7;0
2011;'11063306404; ;8;Subsecção;8;8;8;0;0;7;7;0
2011;'11063306501; ;8;Subsecção;279;279;279;0;0;234;234;1
2011;'11063306502; ;8;Subsecção;3;3;3;0;0;3;3;0
2011;'11063306503; ;8;Subsecção;57;57;57;0;0;44;44;0
2011;'11063306601; ;8;Subsecção;0;0;0;0;0;0;0;0
2011;'11063306602; ;8;Subsecção;72;72;72;0;0;66;66;4
2011;'11063306603; ;8;Subsecção;72;72;72;0;0;63;63;2
2011;'11063306604; ;8;Subsecção;8;8;8;0;0;8;8;0
2011;'11063306605; ;8;Subsecção;48;48;48;0;0;36;36;3
2011;'11063306606; ;8;Subsecção;6;6;6;0;0;6;6;0
2011;'11063306607; ;8;Subsecção;12;12;12;0;0;10;10;2
2011;'11063306608; ;8;Subsecção;4;4;4;0;0;4;4;0
2011;'11063306609; ;8;Subsecção;4;4;4;0;0;4;4;0
2011;'11063306610; ;8;Subsecção;3;3;3;0;0;3;3;0
2011;'11063306701; ;8;Subsecção;261;261;261;0;0;165;165;47
2011;'11063306702; ;8;Subsecção;62;62;61;1;0;35;36;20
2011;'11063306703; ;8;Subsecção;0;0;0;0;0;0;0;0
2011;'11063306801; ;8;Subsecção;202;202;202;0;0;176;176;14
2011;'11063306802; ;8;Subsecção;238;238;238;0;0;194;194;15
2011;'11063306901; ;8;Subsecção;208;208;208;0;0;189;189;4
2011;'11063306902; ;8;Subsecção;66;66;66;0;0;56;56;4
2011;'11063306903; ;8;Subsecção;23;23;23;0;0;22;22;0
2011;'11063306904; ;8;Subsecção;4;4;4;0;0;3;3;0
2011;'11063307001; ;8;Subsecção;197;197;197;0;0;164;164;18
2011;'11063307002; ;8;Subsecção;52;52;52;0;0;43;43;6
2011;'11063307003; ;8;Subsecção;10;10;10;0;0;8;8;0
2011;'11063307101; ;8;Subsecção;229;228;228;0;1;188;188;17
2011;'11063307102; ;8;Subsecção;128;128;128;0;0;109;109;3
2011;'11063307103; ;8;Subsecção;10;10;10;0;0;8;8;1
2011;'11063307201; ;8;Subsecção;330;330;330;0;0;279;279;20
2011;'11063307301; ;8;Subsecção;369;369;369;0;0;309;309;30
2011;'11063307401; ;8;Subsecção;281;281;279;2;0;236;238;4
2011;'11063307501; ;8;Subsecção;91;91;91;0;0;75;75;8
2011;'11063307502; ;8;Subsecção;115;115;115;0;0;97;97;3
2011;'11063307503; ;8;Subsecção;33;33;33;0;0;11;11;18
2011;'11063307504; ;8;Subsecção;25;25;25;0;0;13;13;8
2011;'11063307601; ;8;Subsecção;106;106;106;0;0;81;81;18
2011;'11063307602; ;8;Subsecção;98;98;98;0;0;77;77;14
2011;'11063307603; ;8;Subsecção;100;100;100;0;0;74;74;21
2011;'11063307701; ;8;Subsecção;145;145;145;0;0;104;104;7
2011;'11063307702; ;8;Subsecção;116;116;116;0;0;97;97;6
2011;'11063307801; ;8;Subsecção;233;232;232;0;1;135;135;67
2011;'11063307802; ;8;Subsecção;1;0;0;0;1;0;0;0
2011;'11063307803; ;8;Subsecção;0;0;0;0;0;0;0;0
2011;'11063307901; ;8;Subsecção;53;52;52;0;1;50;50;1
2011;'11063307902; ;8;Subsecção;127;127;127;0;0;110;110;6
2011;'11063307903; ;8;Subsecção;144;144;144;0;0;123;123;3
2011;'11063308001; ;8;Subsecção;85;85;85;0;0;70;70;4
2011;'11063308002; ;8;Subsecção;119;119;119;0;0;98;98;5
2011;'11063308003; ;8;Subsecção;43;43;43;0;0;37;37;1
2011;'11063308101; ;8;Subsecção;152;152;152;0;0;89;89;43
2011;'11063308102; ;8;Subsecção;129;129;129;0;0;87;87;5
2011;'11063308103; ;8;Subsecção;89;89;89;0;0;51;51;6
2011;'11063308104; ;8;Subsecção;0;0;0;0;0;0;0;0
2011;'11063308105; ;8;Subsecção;137;137;137;0;0;20;20;113
2011;'11063400101; ;8;Subsecção;19;19;19;0;0;9;9;10
2011;'11063400102; ;8;Subsecção;53;53;53;0;0;29;29;12
2011;'11063400103; ;8;Subsecção;65;63;63;0;2;49;49;5
2011;'11063400104; ;8;Subsecção;0;0;0;0;0;0;0;0
2011;'11063400105; ;8;Subsecção;23;23;23;0;0;12;12;5
2011;'11063400106; ;8;Subsecção;15;15;15;0;0;7;7;5
2011;'11063400107; ;8;Subsecção;26;26;26;0;0;17;17;8
2011;'11063400108; ;8;Subsecção;40;40;40;0;0;22;22;13
2011;'11063400109; ;8;Subsecção;7;7;7;0;0;7;7;0
2011;'11063400201; ;8;Subsecção;113;113;113;0;0;61;61;43
2011;'11063400202; ;8;Subsecção;25;25;25;0;0;13;13;12
2011;'11063400203; ;8;Subsecção;69;68;68;0;1;37;37;11
2011;'11063400204; ;8;Subsecção;104;104;104;0;0;56;56;40
2011;'11063500101; ;8;Subsecção;138;137;137;0;1;105;105;6
2011;'11063500102; ;8;Subsecção;70;70;70;0;0;56;56;13
2011;'11063500103; ;8;Subsecção;58;58;58;0;0;30;30;25
2011;'11063500201; ;8;Subsecção;88;88;88;0;0;76;76;5
2011;'11063500202; ;8;Subsecção;89;89;89;0;0;69;69;11
2011;'11063500203; ;8;Subsecção;214;214;214;0;0;165;165;14
2011;'11063500301; ;8;Subsecção;0;0;0;0;0;0;0;0
2011;'11063500302; ;8;Subsecção;99;99;98;1;0;78;79;19
2011;'11063500401; ;8;Subsecção;44;44;44;0;0;32;32;4
2011;'11063500402; ;8;Subsecção;38;38;38;0;0;30;30;4
2011;'11063500403; ;8;Subsecção;152;151;151;0;1;115;115;24
2011;'11063500501; ;8;Subsecção;174;174;174;0;0;129;129;33
2011;'11063500502; ;8;Subsecção;117;117;117;0;0;91;91;18
2011;'11063500601; ;8;Subsecção;257;257;257;0;0;186;186;30
2011;'11063500602; ;8;Subsecção;104;104;104;0;0;77;77;11
2011;'11063500701; ;8;Subsecção;131;131;131;0;0;86;86;38
2011;'11063500702; ;8;Subsecção;150;150;149;1;0;103;104;38
2011;'11063500801; ;8;Subsecção;97;96;95;1;1;59;60;19
2011;'11063500802; ;8;Subsecção;22;22;22;0;0;13;13;4
2011;'11063500803; ;8;Subsecção;57;57;57;0;0;39;39;12
2011;'11063500901; ;8;Subsecção;139;139;139;0;0;112;112;17
2011;'11063500902; ;8;Subsecção;137;137;137;0;0;92;92;26
2011;'11063501001; ;8;Subsecção;171;171;171;0;0;139;139;15
2011;'11063501002; ;8;Subsecção;131;131;131;0;0;97;97;19
2011;'11063501101; ;8;Subsecção;88;88;88;0;0;72;72;12
2011;'11063501102; ;8;Subsecção;92;91;91;0;1;65;65;17
2011;'11063501103; ;8;Subsecção;103;103;103;0;0;84;84;5
2011;'11063501201; ;8;Subsecção;0;0;0;0;0;0;0;0
2011;'11063501202; ;8;Subsecção;83;83;83;0;0;79;79;2
2011;'11063501203; ;8;Subsecção;0;0;0;0;0;0;0;0
2011;'11063501204; ;8;Subsecção;157;156;156;0;1;146;146;10
2011;'11063501301; ;8;Subsecção;174;174;174;0;0;135;135;20
2011;'11063501302; ;8;Subsecção;157;157;157;0;0;113;113;27
2011;'11063501401; ;8;Subsecção;50;50;50;0;0;42;42;3
2011;'11063501402; ;8;Subsecção;122;122;122;0;0;92;92;19
2011;'11063501403; ;8;Subsecção;135;134;134;0;1;108;108;5
2011;'11063501501; ;8;Subsecção;127;127;127;0;0;94;94;28
2011;'11063501502; ;8;Subsecção;138;138;138;0;0;112;112;19
2011;'11063501601; ;8;Subsecção;105;105;105;0;0;76;76;21
2011;'11063501602; ;8;Subsecção;197;197;197;0;0;159;159;25
2011;'11063501701; ;8;Subsecção;131;131;131;0;0;92;92;25
2011;'11063501702; ;8;Subsecção;126;126;126;0;0;104;104;10
2011;'11063501801; ;8;Subsecção;132;130;130;0;2;101;101;14
2011;'11063501802; ;8;Subsecção;98;98;98;0;0;79;79;10
2011;'11063501803; ;8;Subsecção;124;124;124;0;0;90;90;26
2011;'11063501901; ;8;Subsecção;122;122;122;0;0;94;94;11
2011;'11063501902; ;8;Subsecção;116;116;116;0;0;87;87;18
2011;'11063501903; ;8;Subsecção;125;125;125;0;0;97;97;10
2011;'11063502001; ;8;Subsecção;137;137;137;0;0;115;115;5
2011;'11063502002; ;8;Subsecção;89;89;89;0;0;70;70;7
2011;'11063502003; ;8;Subsecção;99;99;99;0;0;80;80;0
2011;'11063502101; ;8;Subsecção;47;47;47;0;0;36;36;6
2011;'11063502102; ;8;Subsecção;42;42;42;0;0;31;31;9
2011;'11063502103; ;8;Subsecção;99;99;99;0;0;78;78;17
2011;'11063502104; ;8;Subsecção;37;37;37;0;0;31;31;3
2011;'11063502201; ;8;Subsecção;85;85;85;0;0;58;58;15
2011;'11063502202; ;8;Subsecção;230;230;230;0;0;174;174;35
2011;'11063502301; ;8;Subsecção;125;125;125;0;0;80;80;36
2011;'11063502302; ;8;Subsecção;224;224;224;0;0;155;155;40
2011;'11063502401; ;8;Subsecção;127;124;124;0;3;92;92;10
2011;'11063502402; ;8;Subsecção;130;130;130;0;0;86;86;27
2011;'11063502501; ;8;Subsecção;118;118;118;0;0;92;92;17
2011;'11063502502; ;8;Subsecção;244;244;244;0;0;199;199;31
2011;'11063502601; ;8;Subsecção;153;153;153;0;0;122;122;23
2011;'11063502602; ;8;Subsecção;167;167;167;0;0;140;140;16
2011;'11063502701; ;8;Subsecção;206;206;206;0;0;164;164;14
2011;'11063502702; ;8;Subsecção;100;100;100;0;0;62;62;17
2011;'11063502703; ;8;Subsecção;29;29;29;0;0;19;19;2
2011;'11063502801; ;8;Subsecção;442;441;441;0;1;361;361;46
2011;'11063502901; ;8;Subsecção;0;0;0;0;0;0;0;0
2011;'11063502902; ;8;Subsecção;149;149;149;0;0;112;112;24
2011;'11063502903; ;8;Subsecção;1;0;0;0;1;0;0;0
2011;'11063502904; ;8;Subsecção;172;171;171;0;1;132;132;13
2011;'11063503001; ;8;Subsecção;351;351;350;1;0;282;283;37
2011;'11063503101; ;8;Subsecção;124;124;124;0;0;78;78;43
2011;'11063503102; ;8;Subsecção;30;30;30;0;0;19;19;9
2011;'11063503103; ;8;Subsecção;76;76;75;1;0;47;48;25
2011;'11063503201; ;8;Subsecção;283;283;283;0;0;231;231;23
2011;'11063600101; ;8;Subsecção;182;182;182;0;0;100;100;74
2011;'11063600102; ;8;Subsecção;108;108;108;0;0;66;66;34
2011;'11063600201; ;8;Subsecção;54;54;54;0;0;37;37;17
2011;'11063600202; ;8;Subsecção;130;130;129;1;0;65;66;62
2011;'11063600203; ;8;Subsecção;90;90;90;0;0;50;50;38
2011;'11063600204; ;8;Subsecção;50;50;50;0;0;30;30;20
2011;'11063600301; ;8;Subsecção;1;0;0;0;1;0;0;0
2011;'11063600302; ;8;Subsecção;0;0;0;0;0;0;0;0
2011;'11063600303; ;8;Subsecção;153;148;148;0;5;94;94;7
2011;'11063600304; ;8;Subsecção;16;16;16;0;0;10;10;0
2011;'11063600305; ;8;Subsecção;17;17;17;0;0;11;11;3
2011;'11063600306; ;8;Subsecção;22;22;22;0;0;9;9;10
2011;'11063600307; ;8;Subsecção;25;25;25;0;0;12;12;9
2011;'11063600308; ;8;Subsecção;23;23;23;0;0;12;12;8
2011;'11063600309; ;8;Subsecção;71;71;71;0;0;45;45;2
2011;'11063600310; ;8;Subsecção;3;3;3;0;0;2;2;0
2011;'11063600401; ;8;Subsecção;0;0;0;0;0;0;0;0
2011;'11063600402; ;8;Subsecção;25;25;25;0;0;9;9;16
2011;'11063600403; ;8;Subsecção;56;56;56;0;0;25;25;31
2011;'11063600404; ;8;Subsecção;63;63;63;0;0;34;34;24
2011;'11063600405; ;8;Subsecção;16;16;16;0;0;7;7;9
2011;'11063600406; ;8;Subsecção;12;12;12;0;0;2;2;10
2011;'11063600407; ;8;Subsecção;0;0;0;0;0;0;0;0
2011;'11063600408; ;8;Subsecção;55;55;55;0;0;19;19;36
2011;'11063600409; ;8;Subsecção;48;48;48;0;0;22;22;26
2011;'11063600410; ;8;Subsecção;20;20;20;0;0;6;6;14
2011;'11063600411; ;8;Subsecção;0;0;0;0;0;0;0;0
2011;'11063600501; ;8;Subsecção;56;56;56;0;0;20;20;35
2011;'11063600502; ;8;Subsecção;7;7;7;0;0;5;5;2
2011;'11063600503; ;8;Subsecção;94;94;94;0;0;48;48;42
2011;'11063600504; ;8;Subsecção;61;61;61;0;0;40;40;21
2011;'11063600505; ;8;Subsecção;4;4;4;0;0;0;0;4
2011;'11063600506; ;8;Subsecção;31;31;31;0;0;13;13;18
2011;'11063600507; ;8;Subsecção;45;45;45;0;0;28;28;16
2011;'11063600508; ;8;Subsecção;26;26;26;0;0;10;10;16
2011;'11063600509; ;8;Subsecção;7;7;7;0;0;4;4;3
2011;'11063600510; ;8;Subsecção;0;0;0;0;0;0;0;0
2011;'11063700101; ;8;Subsecção;56;56;56;0;0;38;38;7
2011;'11063700102; ;8;Subsecção;152;152;152;0;0;114;114;24
2011;'11063700103; ;8;Subsecção;48;48;48;0;0;30;30;13
2011;'11063700104; ;8;Subsecção;89;89;89;0;0;59;59;22
2011;'11063700105; ;8;Subsecção;76;76;76;0;0;36;36;36
2011;'11063700201; ;8;Subsecção;48;48;48;0;0;31;31;13
2011;'11063700202; ;8;Subsecção;95;95;95;0;0;75;75;16
2011;'11063700203; ;8;Subsecção;60;60;60;0;0;34;34;17
2011;'11063700204; ;8;Subsecção;91;91;91;0;0;56;56;28
2011;'11063700205; ;8;Subsecção;48;48;48;0;0;32;32;13
2011;'11063700301; ;8;Subsecção;149;148;148;0;1;89;89;45
2011;'11063700302; ;8;Subsecção;64;64;64;0;0;46;46;14
2011;'11063700303; ;8;Subsecção;150;150;150;0;0;98;98;36
2011;'11063700401; ;8;Subsecção;111;111;111;0;0;69;69;34
2011;'11063700402; ;8;Subsecção;157;157;157;0;0;92;92;48
2011;'11063700403; ;8;Subsecção;91;91;91;0;0;68;68;14
2011;'11063700501; ;8;Subsecção;124;124;124;0;0;90;90;21
2011;'11063700502; ;8;Subsecção;40;38;38;0;2;21;21;15
2011;'11063700503; ;8;Subsecção;144;144;144;0;0;104;104;29
2011;'11063700601; ;8;Subsecção;65;65;65;0;0;39;39;17
2011;'11063700602; ;8;Subsecção;73;73;73;0;0;47;47;17
2011;'11063700603; ;8;Subsecção;60;60;60;0;0;48;48;10
2011;'11063700604; ;8;Subsecção;30;30;30;0;0;18;18;6
2011;'11063700605; ;8;Subsecção;11;11;11;0;0;8;8;2
2011;'11063700606; ;8;Subsecção;77;75;75;0;2;50;50;17
2011;'11063700701; ;8;Subsecção;62;61;61;0;1;46;46;12
2011;'11063700702; ;8;Subsecção;88;88;88;0;0;59;59;23
2011;'11063700703; ;8;Subsecção;52;51;51;0;1;37;37;10
2011;'11063700704; ;8;Subsecção;54;54;54;0;0;30;30;19
2011;'11063700705; ;8;Subsecção;50;50;50;0;0;37;37;8
2011;'11063700706; ;8;Subsecção;19;19;19;0;0;6;6;6
2011;'11063700707; ;8;Subsecção;0;0;0;0;0;0;0;0
2011;'11063700708; ;8;Subsecção;0;0;0;0;0;0;0;0
2011;'11063700801; ;8;Subsecção;98;98;98;0;0;66;66;29
2011;'11063700802; ;8;Subsecção;171;169;169;0;2;96;96;60
2011;'11063700803; ;8;Subsecção;98;97;97;0;1;46;46;40
2011;'11063700804; ;8;Subsecção;97;97;97;0;0;51;51;32
2011;'11063800101; ;8;Subsecção;57;57;57;0;0;35;35;3
2011;'11063800102; ;8;Subsecção;49;48;48;0;1;37;37;0
2011;'11063800103; ;8;Subsecção;8;8;8;0;0;2;2;6
2011;'11063800104; ;8;Subsecção;78;78;78;0;0;52;52;12
2011;'11063800105; ;8;Subsecção;21;21;21;0;0;13;13;0
2011;'11063800106; ;8;Subsecção;26;26;26;0;0;22;22;0
2011;'11063800201; ;8;Subsecção;97;97;97;0;0;43;43;30
2011;'11063800202; ;8;Subsecção;172;172;172;0;0;105;105;37
2011;'11063800203; ;8;Subsecção;22;22;22;0;0;20;20;2
2011;'11063800301; ;8;Subsecção;21;21;21;0;0;18;18;1
2011;'11063800302; ;8;Subsecção;10;10;10;0;0;3;3;7
2011;'11063800303; ;8;Subsecção;43;43;43;0;0;20;20;12
2011;'11063800304; ;8;Subsecção;35;35;35;0;0;18;18;11
2011;'11063800305; ;8;Subsecção;58;58;58;0;0;34;34;12
2011;'11063800306; ;8;Subsecção;132;132;132;0;0;74;74;43
2011;'11063800307; ;8;Subsecção;24;23;23;0;1;16;16;3
2011;'11063800401; ;8;Subsecção;10;10;10;0;0;5;5;2
2011;'11063800402; ;8;Subsecção;34;34;34;0;0;30;30;0
2011;'11063800403; ;8;Subsecção;24;24;24;0;0;16;16;5
2011;'11063800404; ;8;Subsecção;50;50;50;0;0;26;26;14
2011;'11063800405; ;8;Subsecção;20;19;19;0;1;11;11;4
2011;'11063800406; ;8;Subsecção;0;0;0;0;0;0;0;0
2011;'11063800407; ;8;Subsecção;1;0;0;0;1;0;0;0
2011;'11063800408; ;8;Subsecção;66;66;66;0;0;38;38;11
2011;'11063800409; ;8;Subsecção;38;38;38;0;0;25;25;1
2011;'11063900101; ;8;Subsecção;4;0;0;0;4;0;0;0
2011;'11063900102; ;8;Subsecção;154;154;154;0;0;108;108;31
2011;'11063900103; ;8;Subsecção;107;107;107;0;0;80;80;21
2011;'11063900201; ;8;Subsecção;131;131;131;0;0;116;116;4
2011;'11063900202; ;8;Subsecção;187;187;186;1;0;161;162;1
2011;'11063900301; ;8;Subsecção;147;147;147;0;0;125;125;16
2011;'11063900302; ;8;Subsecção;102;102;102;0;0;74;74;9
2011;'11063900401; ;8;Subsecção;282;282;282;0;0;236;236;15
2011;'11063900501; ;8;Subsecção;40;40;40;0;0;29;29;0
2011;'11063900502; ;8;Subsecção;40;40;40;0;0;38;38;0
2011;'11063900503; ;8;Subsecção;48;48;48;0;0;46;46;1
2011;'11063900504; ;8;Subsecção;32;32;32;0;0;26;26;2
2011;'11063900505; ;8;Subsecção;32;32;32;0;0;26;26;2
2011;'11063900506; ;8;Subsecção;287;287;287;0;0;231;231;26
2011;'11063900601; ;8;Subsecção;113;113;113;0;0;89;89;7
2011;'11063900602; ;8;Subsecção;116;116;116;0;0;85;85;14
2011;'11063900603; ;8;Subsecção;63;63;63;0;0;45;45;4
2011;'11063900604; ;8;Subsecção;57;57;57;0;0;48;48;4
2011;'11063900701; ;8;Subsecção;171;171;171;0;0;138;138;17
2011;'11063900702; ;8;Subsecção;96;96;96;0;0;89;89;7
2011;'11063900703; ;8;Subsecção;285;284;284;0;1;224;224;17
2011;'11063900801; ;8;Subsecção;60;60;60;0;0;45;45;4
2011;'11063900802; ;8;Subsecção;61;61;61;0;0;47;47;4
2011;'11063900803; ;8;Subsecção;62;62;62;0;0;43;43;6
2011;'11063900804; ;8;Subsecção;61;61;61;0;0;44;44;4
2011;'11063900901; ;8;Subsecção;0;0;0;0;0;0;0;0
2011;'11063900902; ;8;Subsecção;0;0;0;0;0;0;0;0
2011;'11063900903; ;8;Subsecção;212;212;212;0;0;154;154;12
2011;'11063900904; ;8;Subsecção;255;255;255;0;0;201;201;4
2011;'11063900905; ;8;Subsecção;91;91;91;0;0;52;52;22
2011;'11063901001; ;8;Subsecção;136;136;136;0;0;116;116;14
2011;'11063901002; ;8;Subsecção;43;43;43;0;0;37;37;5
2011;'11063901003; ;8;Subsecção;72;72;72;0;0;55;55;13
2011;'11063901101; ;8;Subsecção;260;259;259;0;1;180;180;70
2011;'11063901102; ;8;Subsecção;99;99;99;0;0;67;67;27
2011;'11063901201; ;8;Subsecção;164;164;164;0;0;140;140;3
2011;'11063901202; ;8;Subsecção;127;127;127;0;0;85;85;8
2011;'11063901301; ;8;Subsecção;178;178;178;0;0;148;148;18
2011;'11063901302; ;8;Subsecção;344;344;344;0;0;284;284;32
2011;'11063901401; ;8;Subsecção;199;198;198;0;1;162;162;34
2011;'11063901501; ;8;Subsecção;300;300;300;0;0;222;222;11
2011;'11063901601; ;8;Subsecção;192;192;192;0;0;116;116;41
2011;'11063901602; ;8;Subsecção;163;162;162;0;1;131;131;31
2011;'11063901603; ;8;Subsecção;153;153;153;0;0;119;119;13
2011;'11063901701; ;8;Subsecção;0;0;0;0;0;0;0;0
2011;'11063901702; ;8;Subsecção;181;181;181;0;0;151;151;24
2011;'11063901703; ;8;Subsecção;100;100;100;0;0;75;75;15
2011;'11063901801; ;8;Subsecção;451;450;450;0;1;264;264;107
2011;'11063901901; ;8;Subsecção;104;104;104;0;0;80;80;3
2011;'11063901902; ;8;Subsecção;154;154;154;0;0;127;127;10
2011;'11063902001; ;8;Subsecção;101;101;101;0;0;83;83;15
2011;'11063902002; ;8;Subsecção;114;114;114;0;0;98;98;15
2011;'11063902003; ;8;Subsecção;105;105;105;0;0;96;96;6
2011;'11063902101; ;8;Subsecção;0;0;0;0;0;0;0;0
2011;'11063902102; ;8;Subsecção;217;217;217;0;0;177;177;25
2011;'11063902103; ;8;Subsecção;139;139;139;0;0;121;121;11
2011;'11063902201; ;8;Subsecção;0;0;0;0;0;0;0;0
2011;'11063902202; ;8;Subsecção;17;17;17;0;0;13;13;2
2011;'11063902203; ;8;Subsecção;246;245;245;0;1;179;179;46
2011;'11063902204; ;8;Subsecção;16;16;16;0;0;13;13;2
2011;'11063902301; ;8;Subsecção;1;0;0;0;1;0;0;0
2011;'11063902302; ;8;Subsecção;159;159;159;0;0;131;131;21
2011;'11063902401; ;8;Subsecção;181;181;181;0;0;146;146;17
2011;'11063902501; ;8;Subsecção;367;365;365;0;2;303;303;17
2011;'11063902502; ;8;Subsecção;129;129;129;0;0;104;104;2
2011;'11063902601; ;8;Subsecção;323;323;323;0;0;262;262;32
2011;'11063902701; ;8;Subsecção;198;198;198;0;0;161;161;28
2011;'11063902702; ;8;Subsecção;133;133;133;0;0;115;115;11
2011;'11063902801; ;8;Subsecção;79;79;79;0;0;6;6;73
2011;'11063902802; ;8;Subsecção;118;118;118;0;0;54;54;60
2011;'11063902901; ;8;Subsecção;27;27;27;0;0;15;15;9
2011;'11063903001; ;8;Subsecção;404;404;404;0;0;328;328;55
2011;'11063903101; ;8;Subsecção;89;89;89;0;0;50;50;22
2011;'11063903102; ;8;Subsecção;39;37;37;0;2;26;26;2
2011;'11063903103; ;8;Subsecção;157;157;157;0;0;85;85;42
2011;'11063903104; ;8;Subsecção;154;154;154;0;0;108;108;8
2011;'11063903201; ;8;Subsecção;53;53;53;0;0;46;46;4
2011;'11063903301; ;8;Subsecção;506;506;505;1;0;384;385;87
2011;'11063903401; ;8;Subsecção;319;319;319;0;0;255;255;46
2011;'11063903501; ;8;Subsecção;424;424;424;0;0;321;321;58
2011;'11063903601; ;8;Subsecção;365;365;365;0;0;231;231;115
2011;'11063903701; ;8;Subsecção;420;419;419;0;1;306;306;72
2011;'11063903801; ;8;Subsecção;119;119;119;0;0;96;96;15
2011;'11063903802; ;8;Subsecção;191;191;191;0;0;123;123;52
2011;'11063903901; ;8;Subsecção;120;120;120;0;0;83;83;24
2011;'11063903902; ;8;Subsecção;58;58;58;0;0;39;39;13
2011;'11063903903; ;8;Subsecção;56;56;56;0;0;42;42;11
2011;'11063904001; ;8;Subsecção;2;1;1;0;1;1;1;0
2011;'11063904002; ;8;Subsecção;128;128;128;0;0;93;93;34
2011;'11063904003; ;8;Subsecção;136;136;136;0;0;126;126;3
2011;'11063904004; ;8;Subsecção;180;180;180;0;0;130;130;39
2011;'11063904101; ;8;Subsecção;227;227;227;0;0;177;177;15
2011;'11063904102; ;8;Subsecção;28;25;25;0;3;20;20;1
2011;'11063904201; ;8;Subsecção;229;229;229;0;0;167;167;49
2011;'11063904301; ;8;Subsecção;119;119;119;0;0;98;98;10
2011;'11063904302; ;8;Subsecção;0;0;0;0;0;0;0;0
2011;'11063904303; ;8;Subsecção;19;19;19;0;0;13;13;6
2011;'11063904304; ;8;Subsecção;362;362;362;0;0;209;209;111
2011;'11063904401; ;8;Subsecção;301;301;301;0;0;230;230;67
2011;'11063904501; ;8;Subsecção;317;317;317;0;0;232;232;55
2011;'11063904601; ;8;Subsecção;421;421;421;0;0;307;307;58
2011;'11063904701; ;8;Subsecção;245;245;244;1;0;158;159;26
2011;'11063904702; ;8;Subsecção;19;19;19;0;0;13;13;6
2011;'11063904801; ;8;Subsecção;281;281;281;0;0;212;212;47
2011;'11063904901; ;8;Subsecção;295;295;295;0;0;218;218;58
2011;'11063905001; ;8;Subsecção;377;377;377;0;0;278;278;50
2011;'11063905101; ;8;Subsecção;317;317;317;0;0;242;242;46
2011;'11063905201; ;8;Subsecção;89;89;89;0;0;64;64;14
2011;'11063905202; ;8;Subsecção;206;206;206;0;0;163;163;29
2011;'11063905301; ;8;Subsecção;304;303;303;0;1;175;175;67
2011;'11063905401; ;8;Subsecção;363;363;362;1;0;261;262;59
2011;'11063905402; ;8;Subsecção;153;153;153;0;0;92;92;41
2011;'11063905501; ;8;Subsecção;95;94;94;0;1;59;59;26
2011;'11063905601; ;8;Subsecção;233;233;233;0;0;159;159;62
2011;'11063905602; ;8;Subsecção;44;44;44;0;0;37;37;3
2011;'11063905603; ;8;Subsecção;30;30;30;0;0;22;22;7
2011;'11063905701; ;8;Subsecção;0;0;0;0;0;0;0;0
2011;'11063905702; ;8;Subsecção;100;100;100;0;0;79;79;11
2011;'11063905703; ;8;Subsecção;169;169;169;0;0;114;114;22
2011;'11063905801; ;8;Subsecção;210;210;210;0;0;167;167;21
2011;'11063905802; ;8;Subsecção;105;105;105;0;0;93;93;8
2011;'11063905901; ;8;Subsecção;60;60;60;0;0;44;44;8
2011;'11063905902; ;8;Subsecção;41;40;40;0;1;28;28;7
2011;'11063905903; ;8;Subsecção;60;60;60;0;0;54;54;2
2011;'11063905904; ;8;Subsecção;103;103;103;0;0;97;97;3
2011;'11063905905; ;8;Subsecção;30;30;30;0;0;28;28;1
2011;'11063905906; ;8;Subsecção;32;32;32;0;0;28;28;2
2011;'11063906001; ;8;Subsecção;61;61;61;0;0;57;57;2
2011;'11063906002; ;8;Subsecção;32;32;32;0;0;30;30;0
2011;'11063906003; ;8;Subsecção;117;117;117;0;0;102;102;6
2011;'11063906004; ;8;Subsecção;18;18;18;0;0;15;15;0
2011;'11063906005; ;8;Subsecção;45;44;44;0;1;36;36;7
2011;'11063906006; ;8;Subsecção;6;6;6;0;0;5;5;0
2011;'11063906007; ;8;Subsecção;9;9;9;0;0;9;9;0
2011;'11063906008; ;8;Subsecção;25;25;25;0;0;24;24;0
2011;'11063906101; ;8;Subsecção;1;0;0;0;1;0;0;0
2011;'11063906102; ;8;Subsecção;232;231;231;0;1;137;137;53
2011;'11063906103; ;8;Subsecção;115;114;114;0;1;71;71;23
2011;'11063906201; ;8;Subsecção;96;96;96;0;0;77;77;14
2011;'11063906202; ;8;Subsecção;213;213;213;0;0;134;134;60
2011;'11064000101; ;8;Subsecção;19;19;19;0;0;15;15;3
2011;'11064000102; ;8;Subsecção;2;2;2;0;0;2;2;0
2011;'11064000103; ;8;Subsecção;13;13;13;0;0;12;12;1
2011;'11064000104; ;8;Subsecção;260;260;260;0;0;177;177;43
2011;'11064000201; ;8;Subsecção;24;24;16;8;0;15;23;1
2011;'11064000202; ;8;Subsecção;85;85;85;0;0;75;75;5
2011;'11064000203; ;8;Subsecção;12;12;12;0;0;12;12;0
2011;'11064000204; ;8;Subsecção;16;16;16;0;0;16;16;0
2011;'11064000205; ;8;Subsecção;18;18;18;0;0;17;17;1
2011;'11064000206; ;8;Subsecção;12;12;12;0;0;10;10;1
2011;'11064000207; ;8;Subsecção;66;66;65;1;0;52;53;9
2011;'11064000208; ;8;Subsecção;20;20;18;2;0;15;17;1
2011;'11064000209; ;8;Subsecção;24;24;24;0;0;13;13;7
2011;'11064000210; ;8;Subsecção;27;27;27;0;0;20;20;7
2011;'11064000301; ;8;Subsecção;16;16;16;0;0;10;10;4
2011;'11064000302; ;8;Subsecção;17;17;17;0;0;14;14;2
2011;'11064000303; ;8;Subsecção;16;16;16;0;0;11;11;1
2011;'11064000304; ;8;Subsecção;13;13;13;0;0;10;10;2
2011;'11064000305; ;8;Subsecção;4;4;4;0;0;4;4;0
2011;'11064000306; ;8;Subsecção;0;0;0;0;0;0;0;0
2011;'11064000307; ;8;Subsecção;0;0;0;0;0;0;0;0
2011;'11064000308; ;8;Subsecção;198;198;198;0;0;156;156;23
2011;'11064000401; ;8;Subsecção;8;7;7;0;1;5;5;1
2011;'11064000402; ;8;Subsecção;25;25;25;0;0;21;21;2
2011;'11064000403; ;8;Subsecção;18;18;18;0;0;16;16;2
2011;'11064000404; ;8;Subsecção;28;28;28;0;0;23;23;4
2011;'11064000405; ;8;Subsecção;16;16;16;0;0;15;15;0
2011;'11064000406; ;8;Subsecção;0;0;0;0;0;0;0;0
2011;'11064000407; ;8;Subsecção;16;16;16;0;0;10;10;6
2011;'11064000408; ;8;Subsecção;8;8;8;0;0;4;4;3
2011;'11064000409; ;8;Subsecção;14;14;14;0;0;12;12;1
2011;'11064000410; ;8;Subsecção;41;41;41;0;0;36;36;1
2011;'11064000411; ;8;Subsecção;37;37;36;1;0;30;31;3
2011;'11064000412; ;8;Subsecção;160;160;160;0;0;137;137;6
2011;'11064000501; ;8;Subsecção;18;18;18;0;0;15;15;2
2011;'11064000502; ;8;Subsecção;110;110;110;0;0;87;87;9
2011;'11064000503; ;8;Subsecção;171;171;171;0;0;137;137;20
2011;'11064000601; ;8;Subsecção;0;0;0;0;0;0;0;0
2011;'11064000602; ;8;Subsecção;10;10;9;1;0;9;10;0
2011;'11064000603; ;8;Subsecção;10;9;9;0;1;4;4;5
2011;'11064000604; ;8;Subsecção;5;5;5;0;0;5;5;0
2011;'11064000605; ;8;Subsecção;12;11;11;0;1;10;10;1
2011;'11064000606; ;8;Subsecção;72;72;72;0;0;51;51;17
2011;'11064000607; ;8;Subsecção;44;44;44;0;0;30;30;11
2011;'11064000608; ;8;Subsecção;8;7;7;0;1;7;7;0
2011;'11064000609; ;8;Subsecção;62;62;62;0;0;44;44;15
2011;'11064000610; ;8;Subsecção;8;8;8;0;0;7;7;1
2011;'11064000611; ;8;Subsecção;62;62;62;0;0;46;46;13
2011;'11064000612; ;8;Subsecção;24;24;24;0;0;20;20;2
2011;'11064000701; ;8;Subsecção;171;171;171;0;0;95;95;56
2011;'11064000702; ;8;Subsecção;5;5;5;0;0;5;5;0
2011;'11064000703; ;8;Subsecção;53;53;53;0;0;45;45;5
2011;'11064000801; ;8;Subsecção;0;0;0;0;0;0;0;0
2011;'11064000802; ;8;Subsecção;125;125;125;0;0;103;103;12
2011;'11064000803; ;8;Subsecção;85;85;85;0;0;69;69;10
2011;'11064000804; ;8;Subsecção;104;104;104;0;0;84;84;13
2011;'11064000805; ;8;Subsecção;30;30;30;0;0;28;28;2
2011;'11064000901; ;8;Subsecção;42;42;42;0;0;32;32;7
2011;'11064000902; ;8;Subsecção;58;58;58;0;0;47;47;8
2011;'11064000903; ;8;Subsecção;42;42;42;0;0;31;31;9
2011;'11064000904; ;8;Subsecção;51;51;51;0;0;33;33;16
2011;'11064000905; ;8;Subsecção;57;57;57;0;0;42;42;8
2011;'11064000906; ;8;Subsecção;36;36;36;0;0;30;30;4
2011;'11064000907; ;8;Subsecção;0;0;0;0;0;0;0;0
2011;'11064000908; ;8;Subsecção;38;38;38;0;0;28;28;7
2011;'11064000909; ;8;Subsecção;24;24;24;0;0;19;19;5
2011;'11064000910; ;8;Subsecção;39;39;39;0;0;29;29;7
2011;'11064001001; ;8;Subsecção;60;60;60;0;0;43;43;9
2011;'11064001002; ;8;Subsecção;101;101;101;0;0;90;90;9
2011;'11064001003; ;8;Subsecção;48;48;48;0;0;43;43;1
2011;'11064001004; ;8;Subsecção;49;49;49;0;0;43;43;5
2011;'11064001005; ;8;Subsecção;42;42;42;0;0;32;32;7
2011;'11064001006; ;8;Subsecção;31;31;31;0;0;25;25;4
2011;'11064001007; ;8;Subsecção;25;25;25;0;0;22;22;3
2011;'11064001101; ;8;Subsecção;15;15;15;0;0;12;12;3
2011;'11064001102; ;8;Subsecção;14;14;14;0;0;11;11;3
2011;'11064001103; ;8;Subsecção;58;58;58;0;0;34;34;9
2011;'11064001104; ;8;Subsecção;26;26;26;0;0;22;22;2
2011;'11064001105; ;8;Subsecção;14;14;14;0;0;14;14;0
2011;'11064001106; ;8;Subsecção;41;41;41;0;0;32;32;2
2011;'11064001107; ;8;Subsecção;34;34;34;0;0;24;24;7
2011;'11064001108; ;8;Subsecção;12;12;12;0;0;8;8;3
2011;'11064001109; ;8;Subsecção;9;9;9;0;0;5;5;3
2011;'11064001110; ;8;Subsecção;19;19;19;0;0;12;12;3
2011;'11064001111; ;8;Subsecção;33;33;33;0;0;29;29;3
2011;'11064001112; ;8;Subsecção;13;13;13;0;0;11;11;2
2011;'11064001113; ;8;Subsecção;13;13;13;0;0;9;9;3
2011;'11064001114; ;8;Subsecção;12;12;12;0;0;7;7;3
2011;'11064001115; ;8;Subsecção;4;4;4;0;0;4;4;0
2011;'11064001116; ;8;Subsecção;9;9;9;0;0;6;6;2
2011;'11064001201; ;8;Subsecção;100;100;100;0;0;76;76;10
2011;'11064001202; ;8;Subsecção;83;83;83;0;0;59;59;13
2011;'11064001203; ;8;Subsecção;131;131;131;0;0;106;106;16
2011;'11064001204; ;8;Subsecção;109;109;109;0;0;89;89;10
2011;'11064001301; ;8;Subsecção;39;39;39;0;0;31;31;3
2011;'11064001302; ;8;Subsecção;47;47;47;0;0;40;40;5
2011;'11064001303; ;8;Subsecção;47;47;47;0;0;33;33;9
2011;'11064001304; ;8;Subsecção;52;52;52;0;0;44;44;3
2011;'11064001305; ;8;Subsecção;50;50;50;0;0;41;41;6
2011;'11064001306; ;8;Subsecção;3;3;3;0;0;3;3;0
2011;'11064001307; ;8;Subsecção;51;51;51;0;0;39;39;8
2011;'11064001308; ;8;Subsecção;0;0;0;0;0;0;0;0
2011;'11064001309; ;8;Subsecção;1;0;0;0;1;0;0;0
2011;'11064001310; ;8;Subsecção;18;17;17;0;1;15;15;1
2011;'11064100101; ;8;Subsecção;99;99;99;0;0;71;71;10
2011;'11064100102; ;8;Subsecção;38;38;38;0;0;26;26;4
2011;'11064100103; ;8;Subsecção;128;128;128;0;0;103;103;12
2011;'11064100104; ;8;Subsecção;40;40;40;0;0;32;32;4
2011;'11064100105; ;8;Subsecção;120;119;119;0;1;89;89;14
2011;'11064100201; ;8;Subsecção;286;285;285;0;1;204;204;53
2011;'11064100301; ;8;Subsecção;410;409;409;0;1;272;272;95
2011;'11064100401; ;8;Subsecção;225;224;224;0;1;166;166;38
2011;'11064100501; ;8;Subsecção;0;0;0;0;0;0;0;0
2011;'11064100502; ;8;Subsecção;0;0;0;0;0;0;0;0
2011;'11064100503; ;8;Subsecção;109;109;109;0;0;93;93;12
2011;'11064100504; ;8;Subsecção;262;262;262;0;0;207;207;42
2011;'11064100601; ;8;Subsecção;255;255;255;0;0;188;188;43
2011;'11064100602; ;8;Subsecção;89;89;89;0;0;75;75;9
2011;'11064100701; ;8;Subsecção;116;116;116;0;0;93;93;15
2011;'11064100702; ;8;Subsecção;154;154;154;0;0;113;113;32
2011;'11064100801; ;8;Subsecção;318;317;317;0;1;229;229;53
2011;'11064100802; ;8;Subsecção;60;60;60;0;0;40;40;10
2011;'11064100901; ;8;Subsecção;154;154;154;0;0;117;117;17
2011;'11064100902; ;8;Subsecção;181;181;181;0;0;130;130;35
2011;'11064101001; ;8;Subsecção;29;29;27;2;0;15;17;6
2011;'11064101002; ;8;Subsecção;137;137;137;0;0;110;110;17
2011;'11064101101; ;8;Subsecção;234;232;232;0;2;148;148;54
2011;'11064101201; ;8;Subsecção;374;368;368;0;6;262;262;64
2011;'11064101301; ;8;Subsecção;146;146;146;0;0;75;75;62
2011;'11064101302; ;8;Subsecção;163;163;163;0;0;94;94;59
2011;'11064101303; ;8;Subsecção;52;52;52;0;0;27;27;22
2011;'11064101401; ;8;Subsecção;337;337;337;0;0;243;243;59
2011;'11064101501; ;8;Subsecção;19;18;18;0;1;10;10;8
2011;'11064101502; ;8;Subsecção;107;106;106;0;1;84;84;16
2011;'11064101503; ;8;Subsecção;33;33;33;0;0;25;25;6
2011;'11064101504; ;8;Subsecção;87;87;87;0;0;68;68;8
2011;'11064101601; ;8;Subsecção;567;567;566;1;0;430;431;67
2011;'11064101701; ;8;Subsecção;244;243;243;0;1;165;165;54
2011;'11064101801; ;8;Subsecção;206;206;206;0;0;147;147;33
2011;'11064101802; ;8;Subsecção;98;98;98;0;0;70;70;14
2011;'11064101901; ;8;Subsecção;48;48;48;0;0;38;38;3
2011;'11064101902; ;8;Subsecção;128;128;127;1;0;98;99;23
2011;'11064101903; ;8;Subsecção;128;128;128;0;0;99;99;28
2011;'11064102001; ;8;Subsecção;360;360;360;0;0;254;254;54
2011;'11064102101; ;8;Subsecção;349;349;349;0;0;267;267;70
2011;'11064102201; ;8;Subsecção;230;230;230;0;0;182;182;24
2011;'11064102301; ;8;Subsecção;217;217;217;0;0;170;170;29
2011;'11064102401; ;8;Subsecção;227;227;227;0;0;171;171;33
2011;'11064102501; ;8;Subsecção;409;409;409;0;0;321;321;58
2011;'11064102601; ;8;Subsecção;242;242;242;0;0;192;192;12
2011;'11064102701; ;8;Subsecção;368;367;367;0;1;275;275;39
2011;'11064102801; ;8;Subsecção;10;10;10;0;0;6;6;4
2011;'11064102802; ;8;Subsecção;0;0;0;0;0;0;0;0
2011;'11064102803; ;8;Subsecção;164;164;164;0;0;127;127;36
2011;'11064102804; ;8;Subsecção;56;56;56;0;0;44;44;11
2011;'11064102805; ;8;Subsecção;38;37;37;0;1;28;28;4
2011;'11064102901; ;8;Subsecção;192;192;192;0;0;175;175;12
2011;'11064102902; ;8;Subsecção;100;100;100;0;0;94;94;4
2011;'11064102903; ;8;Subsecção;58;58;58;0;0;41;41;15
2011;'11064103001; ;8;Subsecção;229;229;229;0;0;160;160;36
2011;'11064103002; ;8;Subsecção;43;43;43;0;0;29;29;9
2011;'11064103003; ;8;Subsecção;31;29;29;0;2;16;16;12
2011;'11064200101; ;8;Subsecção;16;16;16;0;0;16;16;0
2011;'11064200102; ;8;Subsecção;18;18;18;0;0;18;18;0
2011;'11064200103; ;8;Subsecção;2;2;2;0;0;2;2;0
2011;'11064200104; ;8;Subsecção;7;7;7;0;0;7;7;0
2011;'11064200105; ;8;Subsecção;11;11;11;0;0;11;11;0
2011;'11064200106; ;8;Subsecção;2;2;2;0;0;1;1;0
2011;'11064200107; ;8;Subsecção;8;8;8;0;0;8;8;0
2011;'11064200108; ;8;Subsecção;16;16;16;0;0;15;15;0
2011;'11064200109; ;8;Subsecção;40;40;40;0;0;37;37;1
2011;'11064200201; ;8;Subsecção;1;0;0;0;1;0;0;0
2011;'11064200202; ;8;Subsecção;205;204;204;0;1;150;150;24
2011;'11064200203; ;8;Subsecção;132;132;132;0;0;95;95;15
2011;'11064200301; ;8;Subsecção;16;16;16;0;0;14;14;0
2011;'11064200302; ;8;Subsecção;1;0;0;0;1;0;0;0
2011;'11064200303; ;8;Subsecção;10;10;10;0;0;10;10;0
2011;'11064200304; ;8;Subsecção;25;25;25;0;0;23;23;0
2011;'11064200305; ;8;Subsecção;16;16;16;0;0;16;16;0
2011;'11064200306; ;8;Subsecção;4;4;4;0;0;4;4;0
2011;'11064200307; ;8;Subsecção;12;12;12;0;0;11;11;0
2011;'11064200308; ;8;Subsecção;63;63;63;0;0;57;57;0
2011;'11064200309; ;8;Subsecção;60;60;58;2;0;54;56;0
2011;'11064200310; ;8;Subsecção;121;121;121;0;0;89;89;14
2011;'11064200401; ;8;Subsecção;13;11;11;0;2;10;10;0
2011;'11064200402; ;8;Subsecção;71;69;69;0;2;47;47;0
2011;'11064200403; ;8;Subsecção;49;49;49;0;0;23;23;2
2011;'11064200404; ;8;Subsecção;64;64;64;0;0;42;42;7
2011;'11064200405; ;8;Subsecção;36;34;34;0;2;18;18;1
2011;'11064200406; ;8;Subsecção;49;47;47;0;2;34;34;2
2011;'11064200407; ;8;Subsecção;6;4;4;0;2;1;1;1
2011;'11064200501; ;8;Subsecção;1;1;1;0;0;1;1;0
2011;'11064200502; ;8;Subsecção;235;235;235;0;0;174;174;21
2011;'11064200503; ;8;Subsecção;56;56;56;0;0;48;48;1
2011;'11064200601; ;8;Subsecção;14;0;0;0;14;0;0;0
2011;'11064200602; ;8;Subsecção;163;163;163;0;0;114;114;31
2011;'11064200603; ;8;Subsecção;138;136;136;0;2;97;97;22
2011;'11064200604; ;8;Subsecção;0;0;0;0;0;0;0;0
2011;'11064200701; ;8;Subsecção;340;339;339;0;1;266;266;11
2011;'11064200801; ;8;Subsecção;268;268;268;0;0;203;203;31
2011;'11064200802; ;8;Subsecção;71;71;71;0;0;58;58;5
2011;'11064200901; ;8;Subsecção;154;154;154;0;0;115;115;4
2011;'11064200902; ;8;Subsecção;63;63;63;0;0;51;51;2
2011;'11064200903; ;8;Subsecção;67;67;67;0;0;48;48;0
2011;'11064200904; ;8;Subsecção;75;75;75;0;0;53;53;3
2011;'11064201001; ;8;Subsecção;87;86;86;0;1;66;66;11
2011;'11064201002; ;8;Subsecção;163;162;162;0;1;140;140;7
2011;'11064201003; ;8;Subsecção;74;74;74;0;0;52;52;5
2011;'11064201101; ;8;Subsecção;33;32;32;0;1;27;27;2
2011;'11064201102; ;8;Subsecção;13;13;13;0;0;9;9;1
2011;'11064201103; ;8;Subsecção;96;96;96;0;0;77;77;10
2011;'11064201104; ;8;Subsecção;20;19;19;0;1;14;14;2
2011;'11064201105; ;8;Subsecção;178;177;177;0;1;148;148;16
2011;'11064201201; ;8;Subsecção;104;104;104;0;0;73;73;22
2011;'11064201202; ;8;Subsecção;102;102;102;0;0;74;74;16
2011;'11064201203; ;8;Subsecção;99;99;99;0;0;71;71;20
2011;'11064201301; ;8;Subsecção;157;157;157;0;0;130;130;0
2011;'11064201302; ;8;Subsecção;21;20;20;0;1;14;14;3
2011;'11064201303; ;8;Subsecção;93;92;92;0;1;64;64;0
2011;'11064201304; ;8;Subsecção;24;24;24;0;0;21;21;2
2011;'11064201401; ;8;Subsecção;131;131;131;0;0;77;77;43
2011;'11064201402; ;8;Subsecção;268;268;268;0;0;198;198;33
2011;'11064201501; ;8;Subsecção;195;195;195;0;0;156;156;10
2011;'11064201502; ;8;Subsecção;108;108;108;0;0;93;93;4
2011;'11064201601; ;8;Subsecção;88;88;88;0;0;75;75;6
2011;'11064201602; ;8;Subsecção;110;110;110;0;0;85;85;11
2011;'11064201603; ;8;Subsecção;106;106;106;0;0;75;75;14
2011;'11064201701; ;8;Subsecção;60;59;59;0;1;47;47;8
2011;'11064201702; ;8;Subsecção;58;58;58;0;0;43;43;9
2011;'11064201703; ;8;Subsecção;35;33;33;0;2;29;29;4
2011;'11064201704; ;8;Subsecção;137;137;137;0;0;98;98;18
2011;'11064201801; ;8;Subsecção;107;105;105;0;2;85;85;11
2011;'11064201802; ;8;Subsecção;0;0;0;0;0;0;0;0
2011;'11064201803; ;8;Subsecção;143;143;143;0;0;114;114;12
2011;'11064201901; ;8;Subsecção;15;15;15;0;0;10;10;0
2011;'11064201902; ;8;Subsecção;29;29;29;0;0;23;23;3
2011;'11064201903; ;8;Subsecção;46;45;45;0;1;36;36;6
2011;'11064201904; ;8;Subsecção;3;3;3;0;0;2;2;1
2011;'11064201905; ;8;Subsecção;140;140;140;0;0;90;90;14
2011;'11064201906; ;8;Subsecção;30;30;30;0;0;17;17;5
2011;'11064202001; ;8;Subsecção;91;91;91;0;0;65;65;18
2011;'11064202002; ;8;Subsecção;236;236;236;0;0;156;156;41
2011;'11064202101; ;8;Subsecção;360;360;360;0;0;245;245;75
2011;'11064202201; ;8;Subsecção;346;346;346;0;0;266;266;45
2011;'11064300101; ;8;Subsecção;158;158;158;0;0;104;104;49
2011;'11064300102; ;8;Subsecção;141;141;141;0;0;82;82;56
2011;'11064300201; ;8;Subsecção;354;354;354;0;0;206;206;56
2011;'11064300301; ;8;Subsecção;476;476;476;0;0;344;344;128
2011;'11064300401; ;8;Subsecção;195;194;194;0;1;137;137;31
2011;'11064300402; ;8;Subsecção;150;150;150;0;0;105;105;26
2011;'11064300501; ;8;Subsecção;54;54;54;0;0;42;42;10
2011;'11064300502; ;8;Subsecção;183;183;183;0;0;139;139;32
2011;'11064300601; ;8;Subsecção;120;120;120;0;0;97;97;8
2011;'11064300602; ;8;Subsecção;172;172;172;0;0;130;130;24
2011;'11064300701; ;8;Subsecção;204;204;204;0;0;130;130;13
2011;'11064300702; ;8;Subsecção;198;198;198;0;0;130;130;12
2011;'11064300801; ;8;Subsecção;373;373;373;0;0;285;285;58
2011;'11064300901; ;8;Subsecção;122;121;121;0;1;91;91;24
2011;'11064300902; ;8;Subsecção;214;214;214;0;0;128;128;74
2011;'11064301001; ;8;Subsecção;233;233;233;0;0;159;159;47
2011;'11064301101; ;8;Subsecção;393;392;392;0;1;244;244;59
2011;'11064301201; ;8;Subsecção;185;184;184;0;1;124;124;56
2011;'11064301202; ;8;Subsecção;157;154;154;0;3;101;101;40
2011;'11064301301; ;8;Subsecção;307;307;307;0;0;202;202;10
2011;'11064301401; ;8;Subsecção;221;221;221;0;0;182;182;35
2011;'11064301402; ;8;Subsecção;1;0;0;0;1;0;0;0
2011;'11064301403; ;8;Subsecção;19;19;19;0;0;12;12;6
2011;'11064301501; ;8;Subsecção;0;0;0;0;0;0;0;0
2011;'11064301502; ;8;Subsecção;6;6;6;0;0;6;6;0
2011;'11064301503; ;8;Subsecção;5;5;5;0;0;5;5;0
2011;'11064301504; ;8;Subsecção;18;18;18;0;0;14;14;2
2011;'11064301505; ;8;Subsecção;7;7;7;0;0;5;5;0
2011;'11064301506; ;8;Subsecção;12;12;12;0;0;12;12;0
2011;'11064301507; ;8;Subsecção;12;12;12;0;0;10;10;0
2011;'11064301508; ;8;Subsecção;10;10;10;0;0;8;8;0
2011;'11064301509; ;8;Subsecção;9;9;9;0;0;8;8;0
2011;'11064301510; ;8;Subsecção;8;8;8;0;0;5;5;0
2011;'11064301511; ;8;Subsecção;24;24;24;0;0;12;12;10
2011;'11064301512; ;8;Subsecção;117;116;116;0;1;80;80;21
2011;'11064301513; ;8;Subsecção;29;29;29;0;0;19;19;5
2011;'11064301514; ;8;Subsecção;9;9;9;0;0;6;6;1
2011;'11064301515; ;8;Subsecção;20;20;20;0;0;15;15;4
2011;'11064301601; ;8;Subsecção;21;21;21;0;0;17;17;4
2011;'11064301602; ;8;Subsecção;8;8;8;0;0;6;6;0
2011;'11064301603; ;8;Subsecção;36;36;36;0;0;27;27;5
2011;'11064301604; ;8;Subsecção;0;0;0;0;0;0;0;0
2011;'11064301605; ;8;Subsecção;8;8;8;0;0;7;7;0
2011;'11064301606; ;8;Subsecção;8;8;8;0;0;7;7;1
2011;'11064301607; ;8;Subsecção;20;20;20;0;0;15;15;3
2011;'11064301608; ;8;Subsecção;5;5;5;0;0;3;3;0
2011;'11064301609; ;8;Subsecção;9;9;9;0;0;7;7;2
2011;'11064301610; ;8;Subsecção;10;10;10;0;0;7;7;1
2011;'11064301611; ;8;Subsecção;4;4;4;0;0;4;4;0
2011;'11064301612; ;8;Subsecção;2;2;2;0;0;1;1;1
2011;'11064301613; ;8;Subsecção;0;0;0;0;0;0;0;0
2011;'11064301614; ;8;Subsecção;4;4;4;0;0;2;2;1
2011;'11064301615; ;8;Subsecção;9;9;9;0;0;5;5;1
2011;'11064301616; ;8;Subsecção;9;9;9;0;0;6;6;0
2011;'11064301617; ;8;Subsecção;18;18;18;0;0;14;14;3
2011;'11064301618; ;8;Subsecção;12;12;12;0;0;10;10;0
2011;'11064301619; ;8;Subsecção;34;34;34;0;0;27;27;4
2011;'11064301620; ;8;Subsecção;3;3;3;0;0;2;2;0
2011;'11064301621; ;8;Subsecção;0;0;0;0;0;0;0;0
2011;'11064301622; ;8;Subsecção;12;12;12;0;0;9;9;2
2011;'11064301623; ;8;Subsecção;4;4;4;0;0;4;4;0
2011;'11064301624; ;8;Subsecção;10;10;10;0;0;8;8;0
2011;'11064301625; ;8;Subsecção;5;5;5;0;0;4;4;0
2011;'11064301626; ;8;Subsecção;13;13;13;0;0;12;12;1
2011;'11064301627; ;8;Subsecção;4;4;4;0;0;3;3;1
2011;'11064301628; ;8;Subsecção;9;9;9;0;0;8;8;0
2011;'11064301629; ;8;Subsecção;10;10;10;0;0;7;7;1
2011;'11064301701; ;8;Subsecção;458;455;455;0;3;329;329;84
2011;'11064301801; ;8;Subsecção;235;234;234;0;1;183;183;37
2011;'11064301901; ;8;Subsecção;240;239;237;2;1;170;172;45
2011;'11064301902; ;8;Subsecção;0;0;0;0;0;0;0;0
2011;'11064301903; ;8;Subsecção;18;18;18;0;0;13;13;3
2011;'11064301904; ;8;Subsecção;0;0;0;0;0;0;0;0
2011;'11064301905; ;8;Subsecção;0;0;0;0;0;0;0;0
2011;'11064302001; ;8;Subsecção;150;150;150;0;0;113;113;27
2011;'11064302002; ;8;Subsecção;137;137;137;0;0;101;101;17
2011;'11064400101; ;8;Subsecção;0;0;0;0;0;0;0;0
2011;'11064400102; ;8;Subsecção;163;163;163;0;0;112;112;28
2011;'11064400103; ;8;Subsecção;144;144;144;0;0;118;118;2
2011;'11064400201; ;8;Subsecção;0;0;0;0;0;0;0;0
2011;'11064400202; ;8;Subsecção;131;131;131;0;0;85;85;24
2011;'11064400203; ;8;Subsecção;168;165;165;0;3;128;128;26
2011;'11064400204; ;8;Subsecção;98;97;97;0;1;64;64;19
2011;'11064400301; ;8;Subsecção;194;191;191;0;3;131;131;41
2011;'11064400302; ;8;Subsecção;146;143;143;0;3;107;107;32
2011;'11064400401; ;8;Subsecção;339;338;337;1;1;202;203;66
2011;'11064400501; ;8;Subsecção;263;263;263;0;0;200;200;42
2011;'11064400502; ;8;Subsecção;115;112;112;0;3;73;73;32
2011;'11064400601; ;8;Subsecção;0;0;0;0;0;0;0;0
2011;'11064400602; ;8;Subsecção;124;123;123;0;1;83;83;30
2011;'11064400603; ;8;Subsecção;180;180;180;0;0;130;130;31
2011;'11064400701; ;8;Subsecção;306;305;305;0;1;200;200;52
2011;'11064400801; ;8;Subsecção;154;153;153;0;1;98;98;50
2011;'11064400802; ;8;Subsecção;51;50;50;0;1;30;30;18
2011;'11064400803; ;8;Subsecção;94;94;94;0;0;55;55;30
2011;'11064400901; ;8;Subsecção;98;98;97;1;0;72;73;14
2011;'11064400902; ;8;Subsecção;205;205;205;0;0;153;153;33
2011;'11064401001; ;8;Subsecção;128;128;128;0;0;92;92;24
2011;'11064401002; ;8;Subsecção;128;128;128;0;0;87;87;29
2011;'11064401101; ;8;Subsecção;155;155;155;0;0;103;103;16
2011;'11064401102; ;8;Subsecção;130;130;130;0;0;96;96;18
2011;'11064401201; ;8;Subsecção;152;152;152;0;0;103;103;32
2011;'11064401202; ;8;Subsecção;45;45;45;0;0;27;27;12
2011;'11064401203; ;8;Subsecção;111;111;111;0;0;83;83;12
2011;'11064401301; ;8;Subsecção;14;14;14;0;0;14;14;0
2011;'11064401302; ;8;Subsecção;87;84;84;0;3;49;49;31
2011;'11064401401; ;8;Subsecção;213;210;210;0;3;139;139;40
2011;'11064401501; ;8;Subsecção;102;102;102;0;0;53;53;24
2011;'11064401502; ;8;Subsecção;231;229;229;0;2;157;157;35
2011;'11064401601; ;8;Subsecção;68;67;67;0;1;50;50;10
2011;'11064401602; ;8;Subsecção;227;225;225;0;2;160;160;46
2011;'11064401701; ;8;Subsecção;158;158;158;0;0;106;106;20
2011;'11064401702; ;8;Subsecção;237;237;237;0;0;145;145;36
2011;'11064401801; ;8;Subsecção;129;128;128;0;1;89;89;31
2011;'11064401802; ;8;Subsecção;163;157;157;0;6;112;112;32
2011;'11064401901; ;8;Subsecção;294;294;294;0;0;226;226;32
2011;'11064402001; ;8;Subsecção;357;357;356;1;0;248;249;56
2011;'11064402101; ;8;Subsecção;178;177;177;0;1;117;117;43
2011;'11064402102; ;8;Subsecção;177;175;174;1;2;109;110;45
2011;'11064402201; ;8;Subsecção;304;303;303;0;1;200;200;24
2011;'11064402301; ;8;Subsecção;179;179;179;0;0;94;94;43
2011;'11064402401; ;8;Subsecção;163;160;160;0;3;101;101;38
2011;'11064402402; ;8;Subsecção;126;126;126;0;0;91;91;20
2011;'11064402501; ;8;Subsecção;80;79;79;0;1;53;53;11
2011;'11064402502; ;8;Subsecção;290;288;288;0;2;205;205;60
2011;'11064402601; ;8;Subsecção;558;557;557;0;1;417;417;72
2011;'11064402701; ;8;Subsecção;212;211;211;0;1;162;162;32
2011;'11064402702; ;8;Subsecção;0;0;0;0;0;0;0;0
2011;'11064402703; ;8;Subsecção;221;219;219;0;2;143;143;48
2011;'11064402801; ;8;Subsecção;240;238;238;0;2;172;172;47
2011;'11064402802; ;8;Subsecção;173;169;169;0;4;94;94;61
2011;'11064402901; ;8;Subsecção;31;31;31;0;0;29;29;2
2011;'11064402902; ;8;Subsecção;44;44;44;0;0;39;39;2
2011;'11064402903; ;8;Subsecção;1;0;0;0;1;0;0;0
2011;'11064403001; ;8;Subsecção;304;302;302;0;2;226;226;34
2011;'11064403101; ;8;Subsecção;109;108;108;0;1;80;80;22
2011;'11064403102; ;8;Subsecção;133;133;133;0;0;101;101;19
2011;'11064403103; ;8;Subsecção;155;155;155;0;0;111;111;16
2011;'11064403201; ;8;Subsecção;282;282;282;0;0;210;210;37
2011;'11064403301; ;8;Subsecção;59;59;59;0;0;51;51;3
2011;'11064403302; ;8;Subsecção;144;143;143;0;1;114;114;9
2011;'11064403401; ;8;Subsecção;192;192;192;0;0;155;155;17
2011;'11064403402; ;8;Subsecção;85;85;84;1;0;66;67;10
2011;'11064403501; ;8;Subsecção;226;226;226;0;0;160;160;40
2011;'11064403502; ;8;Subsecção;53;52;52;0;1;34;34;8
2011;'11064403601; ;8;Subsecção;148;146;146;0;2;106;106;31
2011;'11064403602; ;8;Subsecção;115;114;114;0;1;63;63;41
2011;'11064403701; ;8;Subsecção;74;73;73;0;1;50;50;4
2011;'11064403702; ;8;Subsecção;140;139;139;0;1;106;106;9
2011;'11064403703; ;8;Subsecção;59;55;55;0;4;37;37;5
2011;'11064403801; ;8;Subsecção;235;234;234;0;1;193;193;29
2011;'11064403901; ;8;Subsecção;163;161;161;0;2;117;117;26
2011;'11064403902; ;8;Subsecção;82;82;82;0;0;59;59;14
2011;'11064403903; ;8;Subsecção;125;124;124;0;1;81;81;30
2011;'11064500101; ;8;Subsecção;0;0;0;0;0;0;0;0
2011;'11064500102; ;8;Subsecção;16;16;16;0;0;11;11;5
2011;'11064500103; ;8;Subsecção;32;31;30;1;1;21;22;8
2011;'11064500104; ;8;Subsecção;81;80;80;0;1;55;55;20
2011;'11064500105; ;8;Subsecção;123;123;123;0;0;67;67;48
2011;'11064500201; ;8;Subsecção;67;67;67;0;0;34;34;33
2011;'11064500202; ;8;Subsecção;98;98;98;0;0;56;56;40
2011;'11064500203; ;8;Subsecção;133;133;133;0;0;73;73;54
2011;'11064500301; ;8;Subsecção;122;122;122;0;0;63;63;53
2011;'11064500302; ;8;Subsecção;93;92;92;0;1;41;41;29
2011;'11064500303; ;8;Subsecção;6;5;5;0;1;1;1;4
2011;'11064500401; ;8;Subsecção;145;145;145;0;0;102;102;26
2011;'11064500402; ;8;Subsecção;111;111;110;1;0;67;68;27
2011;'11064500403; ;8;Subsecção;38;38;38;0;0;28;28;3
2011;'11064500501; ;8;Subsecção;92;91;91;0;1;59;59;14
2011;'11064500502; ;8;Subsecção;36;34;34;0;2;19;19;8
2011;'11064500503; ;8;Subsecção;16;16;16;0;0;8;8;2
2011;'11064500504; ;8;Subsecção;58;58;58;0;0;36;36;11
2011;'11064500505; ;8;Subsecção;46;45;45;0;1;33;33;6
2011;'11064500506; ;8;Subsecção;9;9;9;0;0;0;0;9
2011;'11064500601; ;8;Subsecção;55;54;54;0;1;22;22;16
2011;'11064500602; ;8;Subsecção;20;19;19;0;1;5;5;8
2011;'11064500603; ;8;Subsecção;88;86;85;1;2;55;56;13
2011;'11064500701; ;8;Subsecção;73;70;70;0;3;44;44;22
2011;'11064500702; ;8;Subsecção;74;72;72;0;2;40;40;28
2011;'11064500703; ;8;Subsecção;168;168;168;0;0;99;99;59
2011;'11064500801; ;8;Subsecção;10;10;10;0;0;0;0;8
2011;'11064500802; ;8;Subsecção;10;9;9;0;1;0;0;9
2011;'11064500803; ;8;Subsecção;34;31;31;0;3;5;5;26
2011;'11064500804; ;8;Subsecção;154;153;153;0;1;89;89;39
2011;'11064500805; ;8;Subsecção;38;33;33;0;5;12;12;20
2011;'11064500901; ;8;Subsecção;308;308;308;0;0;202;202;86
2011;'11064600101; ;8;Subsecção;221;215;215;0;6;165;165;35
2011;'11064600201; ;8;Subsecção;171;171;171;0;0;130;130;28
2011;'11064600202; ;8;Subsecção;132;132;132;0;0;98;98;18
2011;'11064600301; ;8;Subsecção;384;384;384;0;0;291;291;48
2011;'11064600401; ;8;Subsecção;170;166;166;0;4;123;123;25
2011;'11064600402; ;8;Subsecção;51;50;50;0;1;37;37;11
2011;'11064600403; ;8;Subsecção;41;41;41;0;0;28;28;8
2011;'11064600501; ;8;Subsecção;39;39;39;0;0;31;31;7
2011;'11064600502; ;8;Subsecção;42;42;42;0;0;34;34;6
2011;'11064600503; ;8;Subsecção;26;26;26;0;0;21;21;3
2011;'11064600504; ;8;Subsecção;0;0;0;0;0;0;0;0
2011;'11064600505; ;8;Subsecção;51;51;51;0;0;35;35;13
2011;'11064600506; ;8;Subsecção;1;1;1;0;0;1;1;0
2011;'11064600507; ;8;Subsecção;97;97;97;0;0;76;76;17
2011;'11064600508; ;8;Subsecção;12;12;12;0;0;12;12;0
2011;'11064600601; ;8;Subsecção;10;10;10;0;0;7;7;2
2011;'11064600602; ;8;Subsecção;38;37;37;0;1;28;28;7
2011;'11064600603; ;8;Subsecção;60;58;58;0;2;44;44;8
2011;'11064600604; ;8;Subsecção;14;11;11;0;3;9;9;1
2011;'11064600701; ;8;Subsecção;63;63;63;0;0;45;45;10
2011;'11064600702; ;8;Subsecção;138;135;135;0;3;91;91;24
2011;'11064600703; ;8;Subsecção;42;40;40;0;2;34;34;6
2011;'11064600704; ;8;Subsecção;55;55;55;0;0;46;46;5
2011;'11064600801; ;8;Subsecção;14;12;12;0;2;11;11;1
2011;'11064600802; ;8;Subsecção;192;192;192;0;0;108;108;40
2011;'11064600803; ;8;Subsecção;52;52;52;0;0;33;33;11
2011;'11064600901; ;8;Subsecção;140;139;139;0;1;86;86;30
2011;'11064600902; ;8;Subsecção;62;62;62;0;0;44;44;15
2011;'11064600903; ;8;Subsecção;146;146;146;0;0;120;120;10
2011;'11064601001; ;8;Subsecção;8;8;8;0;0;1;1;7
2011;'11064601002; ;8;Subsecção;23;23;23;0;0;12;12;10
2011;'11064601003; ;8;Subsecção;58;56;56;0;2;34;34;15
2011;'11064601004; ;8;Subsecção;52;52;52;0;0;31;31;9
2011;'11064601005; ;8;Subsecção;59;59;59;0;0;34;34;16
2011;'11064601006; ;8;Subsecção;13;13;13;0;0;6;6;7
2011;'11064601007; ;8;Subsecção;69;69;69;0;0;49;49;6
2011;'11064601008; ;8;Subsecção;14;14;14;0;0;4;4;6
2011;'11064601101; ;8;Subsecção;285;285;285;0;0;190;190;56
2011;'11064601201; ;8;Subsecção;54;54;54;0;0;48;48;3
2011;'11064601202; ;8;Subsecção;100;100;100;0;0;73;73;13
2011;'11064601203; ;8;Subsecção;58;58;58;0;0;38;38;8
2011;'11064601204; ;8;Subsecção;91;91;91;0;0;57;57;16
2011;'11064700101; ;8;Subsecção;7;7;7;0;0;2;2;4
2011;'11064700102; ;8;Subsecção;48;48;48;0;0;35;35;8
2011;'11064700103; ;8;Subsecção;65;65;65;0;0;56;56;6
2011;'11064700104; ;8;Subsecção;62;62;62;0;0;39;39;12
2011;'11064700105; ;8;Subsecção;88;88;88;0;0;70;70;15
2011;'11064700106; ;8;Subsecção;37;37;37;0;0;26;26;7
2011;'11064700201; ;8;Subsecção;111;111;111;0;0;73;73;26
2011;'11064700202; ;8;Subsecção;67;67;67;0;0;48;48;13
2011;'11064700203; ;8;Subsecção;78;78;78;0;0;67;67;6
2011;'11064700204; ;8;Subsecção;20;20;20;0;0;16;16;2
2011;'11064700205; ;8;Subsecção;0;0;0;0;0;0;0;0
2011;'11064700301; ;8;Subsecção;64;64;64;0;0;52;52;8
2011;'11064700302; ;8;Subsecção;8;8;8;0;0;8;8;0
2011;'11064700303; ;8;Subsecção;124;124;124;0;0;85;85;26
2011;'11064700304; ;8;Subsecção;21;21;21;0;0;13;13;6
2011;'11064700305; ;8;Subsecção;25;25;25;0;0;23;23;1
2011;'11064700306; ;8;Subsecção;56;56;56;0;0;50;50;4
2011;'11064700401; ;8;Subsecção;13;13;13;0;0;9;9;4
2011;'11064700402; ;8;Subsecção;17;17;17;0;0;17;17;0
2011;'11064700403; ;8;Subsecção;94;94;94;0;0;67;67;12
2011;'11064700404; ;8;Subsecção;67;67;67;0;0;52;52;7
2011;'11064700405; ;8;Subsecção;17;17;17;0;0;15;15;0
2011;'11064700406; ;8;Subsecção;10;10;10;0;0;8;8;2
2011;'11064700407; ;8;Subsecção;0;0;0;0;0;0;0;0
2011;'11064700408; ;8;Subsecção;40;39;39;0;1;28;28;8
2011;'11064800101; ;8;Subsecção;5;5;5;0;0;2;2;2
2011;'11064800102; ;8;Subsecção;38;36;36;0;2;9;9;12
2011;'11064800103; ;8;Subsecção;16;16;16;0;0;3;3;5
2011;'11064800104; ;8;Subsecção;37;37;37;0;0;11;11;7
2011;'11064800105; ;8;Subsecção;47;47;47;0;0;9;9;34
2011;'11064800106; ;8;Subsecção;45;45;45;0;0;10;10;26
2011;'11064800201; ;8;Subsecção;34;33;33;0;1;19;19;5
2011;'11064800202; ;8;Subsecção;10;10;10;0;0;7;7;2
2011;'11064800203; ;8;Subsecção;22;20;20;0;2;15;15;0
2011;'11064800204; ;8;Subsecção;1;1;1;0;0;1;1;0
2011;'11064800205; ;8;Subsecção;17;17;17;0;0;10;10;2
2011;'11064800206; ;8;Subsecção;9;9;9;0;0;3;3;3
2011;'11064800207; ;8;Subsecção;25;22;22;0;3;11;11;9
2011;'11064800208; ;8;Subsecção;7;7;7;0;0;5;5;2
2011;'11064800301; ;8;Subsecção;103;102;102;0;1;36;36;47
2011;'11064800302; ;8;Subsecção;36;35;35;0;1;20;20;15
2011;'11064800303; ;8;Subsecção;68;68;68;0;0;21;21;29
2011;'11064800304; ;8;Subsecção;36;36;36;0;0;9;9;25
2011;'11064800305; ;8;Subsecção;12;11;11;0;1;1;1;10
2011;'11064800401; ;8;Subsecção;30;29;29;0;1;8;8;19
2011;'11064800402; ;8;Subsecção;7;6;6;0;1;2;2;0
2011;'11064800403; ;8;Subsecção;12;12;12;0;0;8;8;3
2011;'11064800404; ;8;Subsecção;51;50;50;0;1;18;18;28
2011;'11064800405; ;8;Subsecção;18;16;16;0;2;1;1;15
2011;'11064800406; ;8;Subsecção;9;7;7;0;2;6;6;1
2011;'11064800407; ;8;Subsecção;40;40;40;0;0;13;13;26
2011;'11064800501; ;8;Subsecção;45;44;44;0;1;17;17;19
2011;'11064800502; ;8;Subsecção;16;15;15;0;1;2;2;10
2011;'11064800503; ;8;Subsecção;56;56;56;0;0;5;5;48
2011;'11064800504; ;8;Subsecção;14;14;14;0;0;6;6;4
2011;'11064800505; ;8;Subsecção;13;13;13;0;0;6;6;5
2011;'11064800506; ;8;Subsecção;9;7;7;0;2;2;2;5
2011;'11064800507; ;8;Subsecção;12;12;12;0;0;0;0;12
2011;'11064800508; ;8;Subsecção;43;43;43;0;0;4;4;37
2011;'11064800509; ;8;Subsecção;35;34;34;0;1;10;10;21
2011;'11064800510; ;8;Subsecção;0;0;0;0;0;0;0;0
2011;'11064800511; ;8;Subsecção;0;0;0;0;0;0;0;0
2011;'11064800512; ;8;Subsecção;0;0;0;0;0;0;0;0
2011;'11064800513; ;8;Subsecção;0;0;0;0;0;0;0;0
2011;'11064800514; ;8;Subsecção;0;0;0;0;0;0;0;0
2011;'11064800515; ;8;Subsecção;2;0;0;0;2;0;0;0
2011;'11064800516; ;8;Subsecção;0;0;0;0;0;0;0;0
2011;'11064800601; ;8;Subsecção;56;56;56;0;0;18;18;29
2011;'11064800602; ;8;Subsecção;63;61;61;0;2;24;24;15
2011;'11064800603; ;8;Subsecção;36;36;36;0;0;14;14;16
2011;'11064800604; ;8;Subsecção;42;40;40;0;2;10;10;26
2011;'11064800605; ;8;Subsecção;11;11;11;0;0;7;7;0
2011;'11064800606; ;8;Subsecção;0;0;0;0;0;0;0;0
2011;'11064800607; ;8;Subsecção;0;0;0;0;0;0;0;0
2011;'11064800608; ;8;Subsecção;0;0;0;0;0;0;0;0
2011;'11064900101; ;8;Subsecção;44;44;44;0;0;36;36;4
2011;'11064900102; ;8;Subsecção;51;51;51;0;0;32;32;13
2011;'11064900103; ;8;Subsecção;12;12;12;0;0;7;7;4
2011;'11064900104; ;8;Subsecção;66;66;66;0;0;53;53;9
2011;'11064900105; ;8;Subsecção;20;20;20;0;0;14;14;4
2011;'11064900106; ;8;Subsecção;37;37;37;0;0;25;25;6
2011;'11064900107; ;8;Subsecção;60;60;60;0;0;42;42;14
2011;'11064900201; ;8;Subsecção;86;86;86;0;0;50;50;17
2011;'11064900202; ;8;Subsecção;180;179;179;0;1;114;114;37
2011;'11064900203; ;8;Subsecção;7;7;7;0;0;5;5;1
2011;'11064900204; ;8;Subsecção;18;17;17;0;1;10;10;5
2011;'11064900205; ;8;Subsecção;25;25;25;0;0;9;9;0
2011;'11064900301; ;8;Subsecção;56;56;56;0;0;41;41;8
2011;'11064900302; ;8;Subsecção;103;103;103;0;0;67;67;17
2011;'11064900303; ;8;Subsecção;66;66;66;0;0;39;39;20
2011;'11064900304; ;8;Subsecção;72;72;72;0;0;46;46;13
2011;'11064900401; ;8;Subsecção;40;40;40;0;0;29;29;1
2011;'11064900402; ;8;Subsecção;43;43;43;0;0;30;30;2
2011;'11064900403; ;8;Subsecção;91;91;91;0;0;59;59;16
2011;'11064900404; ;8;Subsecção;53;53;53;0;0;29;29;13
2011;'11064900405; ;8;Subsecção;18;18;18;0;0;14;14;1
2011;'11064900406; ;8;Subsecção;15;15;15;0;0;9;9;6
2011;'11064900407; ;8;Subsecção;16;15;15;0;1;8;8;6
2011;'11064900408; ;8;Subsecção;21;21;21;0;0;9;9;5
2011;'11064900409; ;8;Subsecção;0;0;0;0;0;0;0;0
2011;'11064900410; ;8;Subsecção;0;0;0;0;0;0;0;0
2011;'11064900411; ;8;Subsecção;0;0;0;0;0;0;0;0
2011;'11064900501; ;8;Subsecção;76;76;76;0;0;50;50;19
2011;'11064900502; ;8;Subsecção;33;32;32;0;1;25;25;6
2011;'11064900503; ;8;Subsecção;32;32;32;0;0;13;13;14
2011;'11064900504; ;8;Subsecção;23;23;23;0;0;11;11;8
2011;'11064900505; ;8;Subsecção;12;11;11;0;1;7;7;3
2011;'11064900506; ;8;Subsecção;8;8;8;0;0;5;5;1
2011;'11064900507; ;8;Subsecção;0;0;0;0;0;0;0;0
2011;'11064900508; ;8;Subsecção;15;14;14;0;1;9;9;2
2011;'11064900509; ;8;Subsecção;0;0;0;0;0;0;0;0
2011;'11064900510; ;8;Subsecção;35;35;34;1;0;7;8;14
2011;'11064900511; ;8;Subsecção;0;0;0;0;0;0;0;0
2011;'11064900512; ;8;Subsecção;29;29;29;0;0;22;22;3
2011;'11064900513; ;8;Subsecção;0;0;0;0;0;0;0;0
2011;'11064900601; ;8;Subsecção;96;96;96;0;0;64;64;18
2011;'11064900602; ;8;Subsecção;184;182;181;1;2;114;115;43
2011;'11064900603; ;8;Subsecção;3;3;3;0;0;1;1;0
2011;'11064900604; ;8;Subsecção;0;0;0;0;0;0;0;0
2011;'11064900605; ;8;Subsecção;24;24;24;0;0;5;5;19
2011;'11064900606; ;8;Subsecção;14;14;14;0;0;7;7;2
2011;'11064900607; ;8;Subsecção;21;21;21;0;0;4;4;5
2011;'11064900608; ;8;Subsecção;19;19;19;0;0;13;13;3
2011;'11064900701; ;8;Subsecção;93;92;92;0;1;67;67;5
2011;'11064900702; ;8;Subsecção;26;26;26;0;0;17;17;9
2011;'11064900703; ;8;Subsecção;1;1;1;0;0;0;0;0
2011;'11064900704; ;8;Subsecção;36;36;36;0;0;14;14;16
2011;'11064900705; ;8;Subsecção;4;4;4;0;0;2;2;0
2011;'11064900706; ;8;Subsecção;15;15;15;0;0;14;14;0
2011;'11064900707; ;8;Subsecção;11;11;11;0;0;6;6;4
2011;'11064900708; ;8;Subsecção;0;0;0;0;0;0;0;0
2011;'11064900709; ;8;Subsecção;1;1;1;0;0;1;1;0
2011;'11064900710; ;8;Subsecção;26;24;24;0;2;11;11;11
2011;'11064900711; ;8;Subsecção;10;10;10;0;0;9;9;0
2011;'11064900712; ;8;Subsecção;0;0;0;0;0;0;0;0
2011;'11064900713; ;8;Subsecção;0;0;0;0;0;0;0;0
2011;'11065000101; ;8;Subsecção;0;0;0;0;0;0;0;0
2011;'11065000102; ;8;Subsecção;304;303;303;0;1;222;222;42
2011;'11065000201; ;8;Subsecção;100;100;100;0;0;73;73;7
2011;'11065000202; ;8;Subsecção;115;114;114;0;1;72;72;12
2011;'11065000203; ;8;Subsecção;109;109;109;0;0;75;75;11
2011;'11065000204; ;8;Subsecção;1;0;0;0;1;0;0;0
2011;'11065000301; ;8;Subsecção;325;325;325;0;0;226;226;55
2011;'11065000302; ;8;Subsecção;74;74;74;0;0;51;51;12
2011;'11065000401; ;8;Subsecção;80;80;79;1;0;59;60;10
2011;'11065000402; ;8;Subsecção;39;38;38;0;1;28;28;5
2011;'11065000403; ;8;Subsecção;48;48;48;0;0;33;33;9
2011;'11065000404; ;8;Subsecção;28;27;27;0;1;19;19;3
2011;'11065000405; ;8;Subsecção;1;0;0;0;1;0;0;0
2011;'11065000406; ;8;Subsecção;72;72;72;0;0;51;51;11
2011;'11065000407; ;8;Subsecção;8;2;2;0;6;1;1;0
2011;'11065000501; ;8;Subsecção;64;64;64;0;0;45;45;7
2011;'11065000502; ;8;Subsecção;52;52;52;0;0;40;40;2
2011;'11065000503; ;8;Subsecção;65;65;64;1;0;48;49;4
2011;'11065000504; ;8;Subsecção;29;26;26;0;3;3;3;3
2011;'11065000505; ;8;Subsecção;73;72;72;0;1;54;54;7
2011;'11065000601; ;8;Subsecção;48;48;48;0;0;25;25;22
2011;'11065000602; ;8;Subsecção;83;83;83;0;0;50;50;24
2011;'11065000603; ;8;Subsecção;67;67;67;0;0;33;33;25
2011;'11065000604; ;8;Subsecção;79;78;78;0;1;51;51;23
2011;'11065000701; ;8;Subsecção;88;87;87;0;1;30;30;22
2011;'11065000702; ;8;Subsecção;75;72;72;0;3;41;41;12
2011;'11065000703; ;8;Subsecção;36;35;35;0;1;23;23;3
2011;'11065000704; ;8;Subsecção;49;49;49;0;0;33;33;2
2011;'11065000801; ;8;Subsecção;118;117;117;0;1;80;80;23
2011;'11065000802; ;8;Subsecção;141;139;139;0;2;91;91;38
2011;'11065000901; ;8;Subsecção;98;98;98;0;0;60;60;29
2011;'11065000902; ;8;Subsecção;81;78;78;0;3;57;57;6
2011;'11065001001; ;8;Subsecção;41;40;40;0;1;20;20;5
2011;'11065001002; ;8;Subsecção;159;158;158;0;1;104;104;23
2011;'11065001101; ;8;Subsecção;91;89;89;0;2;52;52;28
2011;'11065001102; ;8;Subsecção;51;50;50;0;1;24;24;25
2011;'11065001201; ;8;Subsecção;0;0;0;0;0;0;0;0
2011;'11065001202; ;8;Subsecção;55;53;53;0;2;40;40;13
2011;'11065001203; ;8;Subsecção;0;0;0;0;0;0;0;0
2011;'11065001204; ;8;Subsecção;1;0;0;0;1;0;0;0
2011;'11065001205; ;8;Subsecção;147;147;147;0;0;112;112;32
2011;'11065001301; ;8;Subsecção;43;41;41;0;2;23;23;11
2011;'11065001302; ;8;Subsecção;107;107;107;0;0;72;72;24
2011;'11065001303; ;8;Subsecção;40;40;40;0;0;25;25;3
2011;'11065001401; ;8;Subsecção;94;91;91;0;3;62;62;18
2011;'11065001402; ;8;Subsecção;102;98;98;0;4;59;59;27
2011;'11065001501; ;8;Subsecção;50;50;50;0;0;43;43;4
2011;'11065001502; ;8;Subsecção;123;123;123;0;0;91;91;25
2011;'11065001503; ;8;Subsecção;85;85;85;0;0;61;61;18
2011;'11065001601; ;8;Subsecção;96;96;96;0;0;66;66;23
2011;'11065001602; ;8;Subsecção;101;101;101;0;0;69;69;25
2011;'11065001603; ;8;Subsecção;154;152;152;0;2;133;133;10
2011;'11065100101; ;8;Subsecção;299;299;297;2;0;237;239;39
2011;'11065100102; ;8;Subsecção;42;42;42;0;0;28;28;8
2011;'11065100201; ;8;Subsecção;42;42;42;0;0;35;35;6
2011;'11065100202; ;8;Subsecção;232;232;232;0;0;165;165;45
2011;'11065100203; ;8;Subsecção;20;20;20;0;0;16;16;4
2011;'11065100301; ;8;Subsecção;115;115;115;0;0;72;72;35
2011;'11065100302; ;8;Subsecção;202;202;201;1;0;155;156;34
2011;'11065100401; ;8;Subsecção;138;137;137;0;1;95;95;17
2011;'11065100402; ;8;Subsecção;79;79;79;0;0;59;59;4
2011;'11065100403; ;8;Subsecção;102;102;101;1;0;56;57;35
2011;'11065100501; ;8;Subsecção;80;80;80;0;0;64;64;6
2011;'11065100502; ;8;Subsecção;66;66;66;0;0;28;28;9
2011;'11065100503; ;8;Subsecção;89;89;89;0;0;45;45;17
2011;'11065100504; ;8;Subsecção;0;0;0;0;0;0;0;0
2011;'11065100505; ;8;Subsecção;0;0;0;0;0;0;0;0
2011;'11065100506; ;8;Subsecção;0;0;0;0;0;0;0;0
2011;'11065100601; ;8;Subsecção;36;36;36;0;0;25;25;2
2011;'11065100602; ;8;Subsecção;186;186;186;0;0;130;130;37
2011;'11065100603; ;8;Subsecção;70;70;70;0;0;47;47;17
2011;'11065100604; ;8;Subsecção;41;41;40;1;0;32;33;4
2011;'11065100701; ;8;Subsecção;31;30;30;0;1;24;24;3
2011;'11065100702; ;8;Subsecção;163;160;160;0;3;95;95;20
2011;'11065100703; ;8;Subsecção;25;25;25;0;0;13;13;9
2011;'11065100704; ;8;Subsecção;54;54;54;0;0;40;40;4
2011;'11065100801; ;8;Subsecção;113;113;113;0;0;80;80;21
2011;'11065100802; ;8;Subsecção;45;45;45;0;0;25;25;15
2011;'11065100803; ;8;Subsecção;38;38;38;0;0;22;22;8
2011;'11065100804; ;8;Subsecção;67;67;67;0;0;38;38;17
2011;'11065100805; ;8;Subsecção;8;8;8;0;0;2;2;6
2011;'11065100901; ;8;Subsecção;87;87;87;0;0;55;55;18
2011;'11065100902; ;8;Subsecção;30;30;30;0;0;16;16;9
2011;'11065100903; ;8;Subsecção;150;149;149;0;1;77;77;46
2011;'11065200101; ;8;Subsecção;123;122;122;0;1;74;74;37
2011;'11065200102; ;8;Subsecção;119;119;119;0;0;75;75;30
2011;'11065200201; ;8;Subsecção;15;15;15;0;0;6;6;7
2011;'11065200202; ;8;Subsecção;1;0;0;0;1;0;0;0
2011;'11065200203; ;8;Subsecção;1;1;1;0;0;1;1;0
2011;'11065200204; ;8;Subsecção;122;120;120;0;2;60;60;54
2011;'11065200205; ;8;Subsecção;104;104;104;0;0;50;50;29
2011;'11065200206; ;8;Subsecção;29;29;29;0;0;14;14;14
2011;'11065200207; ;8;Subsecção;57;56;56;0;1;22;22;32
2011;'11065200301; ;8;Subsecção;48;48;48;0;0;18;18;30
2011;'11065200302; ;8;Subsecção;24;24;24;0;0;12;12;12
2011;'11065200303; ;8;Subsecção;53;53;53;0;0;15;15;25
2011;'11065200304; ;8;Subsecção;61;61;61;0;0;31;31;25
2011;'11065200305; ;8;Subsecção;73;73;73;0;0;24;24;48
2011;'11065200306; ;8;Subsecção;13;12;12;0;1;0;0;12
2011;'11065200307; ;8;Subsecção;28;25;25;0;3;8;8;11
2011;'11065200308; ;8;Subsecção;0;0;0;0;0;0;0;0
2011;'11065300101; ;8;Subsecção;389;387;383;4;2;272;276;82
2011;'11065300201; ;8;Subsecção;56;55;55;0;1;38;38;12
2011;'11065300202; ;8;Subsecção;117;117;117;0;0;84;84;31
2011;'11065300203; ;8;Subsecção;129;127;127;0;2;68;68;53
2011;'11065300301; ;8;Subsecção;181;180;180;0;1;112;112;41
2011;'11065300302; ;8;Subsecção;150;150;150;0;0;68;68;60
2011;'11065300401; ;8;Subsecção;78;78;78;0;0;43;43;29
2011;'11065300402; ;8;Subsecção;58;57;57;0;1;36;36;18
2011;'11065300403; ;8;Subsecção;62;62;62;0;0;36;36;24
2011;'11065300404; ;8;Subsecção;51;51;51;0;0;12;12;34
2011;'11065300501; ;8;Subsecção;107;107;106;1;0;74;75;24
2011;'11065300502; ;8;Subsecção;102;102;102;0;0;67;67;30
2011;'11065300503; ;8;Subsecção;36;36;36;0;0;30;30;6
2011;'11065300601; ;8;Subsecção;177;177;177;0;0;108;108;63
2011;'11065300602; ;8;Subsecção;91;90;90;0;1;58;58;23
2011;'11065300603; ;8;Subsecção;102;100;100;0;2;69;69;25
2011;'11065300701; ;8;Subsecção;191;191;191;0;0;142;142;32
2011;'11065300702; ;8;Subsecção;14;14;14;0;0;9;9;3
